1: 1
2: 1
3: 1
4: 1
5: 1
6: 1
10: 1 10
11: 1 11
12: 1 12
13: 1 13
14: 1 14
15: 1 15
16: 1 16
20: 1 10
21: 1 14
22: 1 11
23: 1 15
24: 1 12
25: 1 16
26: 1 13
30: 1 10
31: 1 15
32: 1 13
33: 1 11
34: 1 16
35: 1 14
36: 1 12
40: 1 10
41: 1 12
42: 1 14
43: 1 16
44: 1 11
45: 1 13
46: 1 15
50: 1 10
51: 1 13
52: 1 16
53: 1 12
54: 1 15
55: 1 11
56: 1 14
60: 1 10
61: 1 16
62: 1 15
63: 1 14
64: 1 13
65: 1 12
66: 1 11
100: 1 10 100
101: 1 101
102: 1 102
103: 1 12 15 103
104: 1 104
105: 1 13 14 105
106: 1 11 16 106
110: 1 10 11 110
111: 1 13 15 111
112: 1 14 112
113: 1 113
114: 1 114
115: 1 12 16 115
116: 1 116
120: 1 10 12 120
121: 1 11 121
122: 1 122
123: 1 123
124: 1 13 16 124
125: 1 125
126: 1 14 15 126
130: 1 10 13 130
131: 1 131
132: 1 11 12 132
133: 1 14 16 133
134: 1 15 134
135: 1 135
136: 1 136
140: 1 10 14 140
141: 1 141
142: 1 15 16 142
143: 1 11 13 143
144: 1 12 144
145: 1 145
146: 1 146
150: 1 10 15 150
151: 1 16 151
152: 1 152
153: 1 153
154: 1 11 14 154
155: 1 155
156: 1 12 13 156
160: 1 10 16 160
161: 1 12 14 161
162: 1 13 162
163: 1 163
164: 1 164
165: 1 11 15 165
166: 1 166
200: 1 10 100
201: 1 104
202: 1 101
203: 1 13 14 105
204: 1 102
205: 1 11 16 106
206: 1 12 15 103
210: 1 10 14 140
211: 1 12 144
212: 1 141
213: 1 145
214: 1 15 16 142
215: 1 146
216: 1 11 13 143
220: 1 10 11 110
221: 1 114
222: 1 13 15 111
223: 1 12 16 115
224: 1 14 112
225: 1 116
226: 1 113
230: 1 10 15 150
231: 1 11 14 154
232: 1 16 151
233: 1 155
234: 1 152
235: 1 12 13 156
236: 1 153
240: 1 10 12 120
241: 1 13 16 124
242: 1 11 121
243: 1 125
244: 1 122
245: 1 14 15 126
246: 1 123
250: 1 10 16 160
251: 1 164
252: 1 12 14 161
253: 1 11 15 165
254: 1 13 162
255: 1 166
256: 1 163
260: 1 10 13 130
261: 1 15 134
262: 1 131
263: 1 135
264: 1 11 12 132
265: 1 136
266: 1 14 16 133
300: 1 10 100
301: 1 13 14 105
302: 1 12 15 103
303: 1 101
304: 1 11 16 106
305: 1 104
306: 1 102
310: 1 10 15 150
311: 1 155
312: 1 153
313: 1 16 151
314: 1 12 13 156
315: 1 11 14 154
316: 1 152
320: 1 10 13 130
321: 1 135
322: 1 14 16 133
323: 1 131
324: 1 136
325: 1 15 134
326: 1 11 12 132
330: 1 10 11 110
331: 1 12 16 115
332: 1 113
333: 1 13 15 111
334: 1 116
335: 1 114
336: 1 14 112
340: 1 10 16 160
341: 1 11 15 165
342: 1 163
343: 1 12 14 161
344: 1 166
345: 1 164
346: 1 13 162
350: 1 10 14 140
351: 1 145
352: 1 11 13 143
353: 1 141
354: 1 146
355: 1 12 144
356: 1 15 16 142
360: 1 10 12 120
361: 1 125
362: 1 123
363: 1 11 121
364: 1 14 15 126
365: 1 13 16 124
366: 1 122
400: 1 10 100
401: 1 102
402: 1 104
403: 1 11 16 106
404: 1 101
405: 1 12 15 103
406: 1 13 14 105
410: 1 10 12 120
411: 1 122
412: 1 13 16 124
413: 1 14 15 126
414: 1 11 121
415: 1 123
416: 1 125
420: 1 10 14 140
421: 1 15 16 142
422: 1 12 144
423: 1 146
424: 1 141
425: 1 11 13 143
426: 1 145
430: 1 10 16 160
431: 1 13 162
432: 1 164
433: 1 166
434: 1 12 14 161
435: 1 163
436: 1 11 15 165
440: 1 10 11 110
441: 1 14 112
442: 1 114
443: 1 116
444: 1 13 15 111
445: 1 113
446: 1 12 16 115
450: 1 10 13 130
451: 1 11 12 132
452: 1 15 134
453: 1 136
454: 1 131
455: 1 14 16 133
456: 1 135
460: 1 10 15 150
461: 1 152
462: 1 11 14 154
463: 1 12 13 156
464: 1 16 151
465: 1 153
466: 1 155
500: 1 10 100
501: 1 12 15 103
502: 1 11 16 106
503: 1 102
504: 1 13 14 105
505: 1 101
506: 1 104
510: 1 10 13 130
511: 1 14 16 133
512: 1 136
513: 1 11 12 132
514: 1 135
515: 1 131
516: 1 15 134
520: 1 10 16 160
521: 1 163
522: 1 166
523: 1 13 162
524: 1 11 15 165
525: 1 12 14 161
526: 1 164
530: 1 10 12 120
531: 1 123
532: 1 14 15 126
533: 1 122
534: 1 125
535: 1 11 121
536: 1 13 16 124
540: 1 10 15 150
541: 1 153
542: 1 12 13 156
543: 1 152
544: 1 155
545: 1 16 151
546: 1 11 14 154
550: 1 10 11 110
551: 1 113
552: 1 116
553: 1 14 112
554: 1 12 16 115
555: 1 13 15 111
556: 1 114
560: 1 10 14 140
561: 1 11 13 143
562: 1 146
563: 1 15 16 142
564: 1 145
565: 1 141
566: 1 12 144
600: 1 10 100
601: 1 11 16 106
602: 1 13 14 105
603: 1 104
604: 1 12 15 103
605: 1 102
606: 1 101
610: 1 10 16 160
611: 1 166
612: 1 11 15 165
613: 1 164
614: 1 163
615: 1 13 162
616: 1 12 14 161
620: 1 10 15 150
621: 1 12 13 156
622: 1 155
623: 1 11 14 154
624: 1 153
625: 1 152
626: 1 16 151
630: 1 10 14 140
631: 1 146
632: 1 145
633: 1 12 144
634: 1 11 13 143
635: 1 15 16 142
636: 1 141
640: 1 10 13 130
641: 1 136
642: 1 135
643: 1 15 134
644: 1 14 16 133
645: 1 11 12 132
646: 1 131
650: 1 10 12 120
651: 1 14 15 126
652: 1 125
653: 1 13 16 124
654: 1 123
655: 1 122
656: 1 11 121
660: 1 10 11 110
661: 1 116
662: 1 12 16 115
663: 1 114
664: 1 113
665: 1 14 112
666: 1 13 15 111
1000: 1 10 100 1000
1001: 1 11 12 14 132 154 161 1001
1002: 1 1002
1003: 1 1003
1004: 1 1004
1005: 1 1005
1006: 1 13 15 16 111 124 142 1006
1010: 1 10 101 1010
1011: 1 1011
1012: 1 11 13 143 162 1012
1013: 1 12 155 1013
1014: 1 15 125 1014
1015: 1 14 16 112 133 1015
1016: 1 1016
1020: 1 10 102 1020
1021: 1 1021
1022: 1 14 15 126 134 1022
1023: 1 11 163 1023
1024: 1 16 113 1024
1025: 1 12 13 144 156 1025
1026: 1 1026
1030: 1 10 12 15 103 120 150 1030
1031: 1 13 145 1031
1032: 1 1032
1033: 1 16 114 1033
1034: 1 11 164 1034
1035: 1 1035
1036: 1 14 135 1036
1040: 1 10 104 1040
1041: 1 1041
1042: 1 12 16 115 151 1042
1043: 1 14 136 1043
1044: 1 13 146 1044
1045: 1 11 15 121 165 1045
1046: 1 1046
1050: 1 10 13 14 105 130 140 1050
1051: 1 16 116 1051
1052: 1 1052
1053: 1 15 122 1053
1054: 1 12 152 1054
1055: 1 1055
1056: 1 11 166 1056
1060: 1 10 11 16 106 110 160 1060
1061: 1 15 123 1061
1062: 1 1062
1063: 1 13 141 1063
1064: 1 14 131 1064
1065: 1 1065
1066: 1 12 153 1066
1100: 1 10 11 100 110 1100
1101: 1 1101
1102: 1 15 136 1102
1103: 1 1103
1104: 1 12 13 156 162 1104
1105: 1 16 122 1105
1106: 1 14 145 1106
1110: 1 10 13 15 111 130 150 1110
1111: 1 11 101 1111
1112: 1 1112
1113: 1 14 146 1113
1114: 1 16 123 1114
1115: 1 1115
1116: 1 12 163 1116
1120: 1 10 14 112 140 1120
1121: 1 12 164 1121
1122: 1 11 102 1122
1123: 1 13 16 124 151 1123
1124: 1 1124
1125: 1 15 131 1125
1126: 1 1126
1130: 1 10 113 1130
1131: 1 1131
1132: 1 16 125 1132
1133: 1 11 12 15 103 132 165 1133
1134: 1 14 141 1134
1135: 1 1135
1136: 1 13 152 1136
1140: 1 10 114 1140
1141: 1 14 15 16 126 133 142 1141
1142: 1 13 153 1142
1143: 1 1143
1144: 1 11 104 1144
1145: 1 12 166 1145
1146: 1 1146
1150: 1 10 12 16 115 120 160 1150
1151: 1 1151
1152: 1 1152
1153: 1 1153
1154: 1 1154
1155: 1 11 13 14 105 143 154 1155
1156: 1 15 134 1156
1160: 1 10 116 1160
1161: 1 13 155 1161
1162: 1 12 14 144 161 1162
1163: 1 1163
1164: 1 15 135 1164
1165: 1 1165
1166: 1 11 16 106 121 1166
1200: 1 10 12 100 120 1200
1201: 1 1201
1202: 1 13 163 1202
1203: 1 1203
1204: 1 14 16 133 151 1204
1205: 1 15 141 1205
1206: 1 11 116 1206
1210: 1 10 11 110 121 1210
1211: 1 14 152 1211
1212: 1 12 101 1212
1213: 1 15 16 134 142 1213
1214: 1 1214
1215: 1 13 164 1215
1216: 1 1216
1220: 1 10 122 1220
1221: 1 11 13 15 111 143 165 1221
1222: 1 16 135 1222
1223: 1 1223
1224: 1 12 102 1224
1225: 1 14 153 1225
1226: 1 1226
1230: 1 10 123 1230
1231: 1 16 136 1231
1232: 1 11 14 112 154 1232
1233: 1 1233
1234: 1 13 166 1234
1235: 1 1235
1236: 1 12 15 103 144 1236
1240: 1 10 13 16 124 130 160 1240
1241: 1 12 104 1241
1242: 1 1242
1243: 1 11 113 1243
1244: 1 15 145 1244
1245: 1 1245
1246: 1 14 155 1246
1250: 1 10 125 1250
1251: 1 1251
1252: 1 15 146 1252
1253: 1 12 13 14 105 156 161 1253
1254: 1 11 114 1254
1255: 1 1255
1256: 1 16 131 1256
1260: 1 10 14 15 126 140 150 1260
1261: 1 1261
1262: 1 1262
1263: 1 1263
1264: 1 1264
1265: 1 11 12 16 106 115 132 1265
1266: 1 13 162 1266
1300: 1 10 13 100 130 1300
1301: 1 15 153 1301
1302: 1 14 164 1302
1303: 1 12 16 115 144 1303
1304: 1 1304
1305: 1 11 125 1305
1306: 1 1306
1310: 1 10 131 1310
1311: 1 1311
1312: 1 16 145 1312
1313: 1 13 101 1313
1314: 1 1314
1315: 1 12 116 1315
1316: 1 11 14 15 126 154 165 1316
1320: 1 10 11 12 110 120 132 1320
1321: 1 16 146 1321
1322: 1 1322
1323: 1 14 166 1323
1324: 1 15 155 1324
1325: 1 1325
1326: 1 13 102 1326
1330: 1 10 14 16 133 140 160 1330
1331: 1 11 121 1331
1332: 1 12 13 15 103 111 156 1332
1333: 1 1333
1334: 1 1334
1335: 1 1335
1336: 1 1336
1340: 1 10 15 134 150 1340
1341: 1 1341
1342: 1 11 122 1342
1343: 1 1343
1344: 1 12 14 112 161 1344
1345: 1 13 104 1345
1346: 1 16 141 1346
1350: 1 10 135 1350
1351: 1 13 14 105 162 1351
1352: 1 1352
1353: 1 11 123 1353
1354: 1 1354
1355: 1 15 16 142 151 1355
1356: 1 12 113 1356
1360: 1 10 136 1360
1361: 1 12 114 1361
1362: 1 1362
1363: 1 15 152 1363
1364: 1 11 13 16 106 124 143 1364
1365: 1 14 163 1365
1366: 1 1366
1400: 1 10 14 100 140 1400
1401: 1 1401
1402: 1 16 155 1402
1403: 1 1403
1404: 1 11 15 134 165 1404
1405: 1 13 114 1405
1406: 1 12 123 1406
1410: 1 10 141 1410
1411: 1 12 13 16 115 124 156 1411
1412: 1 15 166 1412
1413: 1 1413
1414: 1 14 101 1414
1415: 1 11 135 1415
1416: 1 1416
1420: 1 10 15 16 142 150 160 1420
1421: 1 14 102 1421
1422: 1 1422
1423: 1 12 125 1423
1424: 1 13 116 1424
1425: 1 1425
1426: 1 11 136 1426
1430: 1 10 11 13 110 130 143 1430
1431: 1 1431
1432: 1 1432
1433: 1 1433
1434: 1 1434
1435: 1 12 14 15 103 126 161 1435
1436: 1 16 151 1436
1440: 1 10 12 120 144 1440
1441: 1 11 131 1441
1442: 1 14 104 1442
1443: 1 13 15 111 162 1443
1444: 1 1444
1445: 1 16 152 1445
1446: 1 1446
1450: 1 10 145 1450
1451: 1 15 163 1451
1452: 1 11 12 121 132 1452
1453: 1 1453
1454: 1 16 153 1454
1455: 1 1455
1456: 1 13 14 105 112 1456
1460: 1 10 146 1460
1461: 1 1461
1462: 1 13 113 1462
1463: 1 11 14 16 106 133 154 1463
1464: 1 12 122 1464
1465: 1 1465
1466: 1 15 164 1466
1500: 1 10 15 100 150 1500
1501: 1 16 166 1501
1502: 1 12 131 1502
1503: 1 11 13 121 143 1503
1504: 1 1504
1505: 1 14 113 1505
1506: 1 1506
1510: 1 10 16 151 160 1510
1511: 1 1511
1512: 1 14 114 1512
1513: 1 1513
1514: 1 11 12 132 144 1514
1515: 1 15 101 1515
1516: 1 13 122 1516
1520: 1 10 152 1520
1521: 1 1521
1522: 1 13 123 1522
1523: 1 15 102 1523
1524: 1 1524
1525: 1 11 145 1525
1526: 1 12 14 16 115 133 161 1526
1530: 1 10 153 1530
1531: 1 12 15 103 134 1531
1532: 1 1532
1533: 1 14 116 1533
1534: 1 1534
1535: 1 13 16 124 162 1535
1536: 1 11 146 1536
1540: 1 10 11 14 110 140 154 1540
1541: 1 13 125 1541
1542: 1 1542
1543: 1 12 135 1543
1544: 1 16 163 1544
1545: 1 1545
1546: 1 15 104 1546
1550: 1 10 155 1550
1551: 1 11 141 1551
1552: 1 1552
1553: 1 16 164 1553
1554: 1 13 14 15 105 111 126 1554
1555: 1 12 136 1555
1556: 1 1556
1560: 1 10 12 13 120 130 156 1560
1561: 1 14 112 1561
1562: 1 11 15 16 106 142 165 1562
1563: 1 1563
1564: 1 1564
1565: 1 1565
1566: 1 1566
1600: 1 10 16 100 160 1600
1601: 1 13 135 1601
1602: 1 11 152 1602
1603: 1 14 15 112 126 1603
1604: 1 1604
1605: 1 12 146 1605
1606: 1 1606
1610: 1 10 12 14 120 140 161 1610
1611: 1 15 113 1611
1612: 1 1612
1613: 1 11 153 1613
1614: 1 13 136 1614
1615: 1 1615
1616: 1 16 101 1616
1620: 1 10 13 130 162 1620
1621: 1 1621
1622: 1 12 141 1622
1623: 1 1623
1624: 1 11 14 121 154 1624
1625: 1 16 102 1625
1626: 1 15 114 1626
1630: 1 10 163 1630
1631: 1 14 122 1631
1632: 1 1632
1633: 1 13 131 1633
1634: 1 12 15 16 103 115 142 1634
1635: 1 11 155 1635
1636: 1 1636
1640: 1 10 164 1640
1641: 1 1641
1642: 1 15 116 1642
1643: 1 16 104 1643
1644: 1 1644
1645: 1 14 123 1645
1646: 1 11 12 13 132 143 156 1646
1650: 1 10 11 15 110 150 165 1650
1651: 1 12 144 1651
1652: 1 13 14 16 105 124 133 1652
1653: 1 1653
1654: 1 1654
1655: 1 1655
1656: 1 1656
1660: 1 10 166 1660
1661: 1 11 16 106 151 1661
1662: 1 1662
1663: 1 12 145 1663
1664: 1 1664
1665: 1 13 15 111 134 1665
1666: 1 14 125 1666
2000: 1 10 100 1000
2001: 1 1004
2002: 1 11 12 14 132 154 161 1001
2003: 1 1005
2004: 1 1002
2005: 1 13 15 16 111 124 142 1006
2006: 1 1003
2010: 1 10 104 1040
2011: 1 13 146 1044
2012: 1 1041
2013: 1 11 15 121 165 1045
2014: 1 12 16 115 151 1042
2015: 1 1046
2016: 1 14 136 1043
2020: 1 10 101 1010
2021: 1 15 125 1014
2022: 1 1011
2023: 1 14 16 112 133 1015
2024: 1 11 13 143 162 1012
2025: 1 1016
2026: 1 12 155 1013
2030: 1 10 13 14 105 130 140 1050
2031: 1 12 152 1054
2032: 1 16 116 1051
2033: 1 1055
2034: 1 1052
2035: 1 11 166 1056
2036: 1 15 122 1053
2040: 1 10 102 1020
2041: 1 16 113 1024
2042: 1 1021
2043: 1 12 13 144 156 1025
2044: 1 14 15 126 134 1022
2045: 1 1026
2046: 1 11 163 1023
2050: 1 10 11 16 106 110 160 1060
2051: 1 14 131 1064
2052: 1 15 123 1061
2053: 1 1065
2054: 1 1062
2055: 1 12 153 1066
2056: 1 13 141 1063
2060: 1 10 12 15 103 120 150 1030
2061: 1 11 164 1034
2062: 1 13 145 1031
2063: 1 1035
2064: 1 1032
2065: 1 14 135 1036
2066: 1 16 114 1033
2100: 1 10 14 100 140 1400
2101: 1 11 15 134 165 1404
2102: 1 1401
2103: 1 13 114 1405
2104: 1 16 155 1402
2105: 1 12 123 1406
2106: 1 1403
2110: 1 10 12 120 144 1440
2111: 1 1444
2112: 1 11 131 1441
2113: 1 16 152 1445
2114: 1 14 104 1442
2115: 1 1446
2116: 1 13 15 111 162 1443
2120: 1 10 141 1410
2121: 1 14 101 1414
2122: 1 12 13 16 115 124 156 1411
2123: 1 11 135 1415
2124: 1 15 166 1412
2125: 1 1416
2126: 1 1413
2130: 1 10 145 1450
2131: 1 16 153 1454
2132: 1 15 163 1451
2133: 1 1455
2134: 1 11 12 121 132 1452
2135: 1 13 14 105 112 1456
2136: 1 1453
2140: 1 10 15 16 142 150 160 1420
2141: 1 13 116 1424
2142: 1 14 102 1421
2143: 1 1425
2144: 1 1422
2145: 1 11 136 1426
2146: 1 12 125 1423
2150: 1 10 146 1460
2151: 1 12 122 1464
2152: 1 1461
2153: 1 1465
2154: 1 13 113 1462
2155: 1 15 164 1466
2156: 1 11 14 16 106 133 154 1463
2160: 1 10 11 13 110 130 143 1430
2161: 1 1434
2162: 1 1431
2163: 1 12 14 15 103 126 161 1435
2164: 1 1432
2165: 1 16 151 1436
2166: 1 1433
2200: 1 10 11 100 110 1100
2201: 1 12 13 156 162 1104
2202: 1 1101
2203: 1 16 122 1105
2204: 1 15 136 1102
2205: 1 14 145 1106
2206: 1 1103
2210: 1 10 114 1140
2211: 1 11 104 1144
2212: 1 14 15 16 126 133 142 1141
2213: 1 12 166 1145
2214: 1 13 153 1142
2215: 1 1146
2216: 1 1143
2220: 1 10 13 15 111 130 150 1110
2221: 1 16 123 1114
2222: 1 11 101 1111
2223: 1 1115
2224: 1 1112
2225: 1 12 163 1116
2226: 1 14 146 1113
2230: 1 10 12 16 115 120 160 1150
2231: 1 1154
2232: 1 1151
2233: 1 11 13 14 105 143 154 1155
2234: 1 1152
2235: 1 15 134 1156
2236: 1 1153
2240: 1 10 14 112 140 1120
2241: 1 1124
2242: 1 12 164 1121
2243: 1 15 131 1125
2244: 1 11 102 1122
2245: 1 1126
2246: 1 13 16 124 151 1123
2250: 1 10 116 1160
2251: 1 15 135 1164
2252: 1 13 155 1161
2253: 1 1165
2254: 1 12 14 144 161 1162
2255: 1 11 16 106 121 1166
2256: 1 1163
2260: 1 10 113 1130
2261: 1 14 141 1134
2262: 1 1131
2263: 1 1135
2264: 1 16 125 1132
2265: 1 13 152 1136
2266: 1 11 12 15 103 132 165 1133
2300: 1 10 15 100 150 1500
2301: 1 1504
2302: 1 16 166 1501
2303: 1 14 113 1505
2304: 1 12 131 1502
2305: 1 1506
2306: 1 11 13 121 143 1503
2310: 1 10 11 14 110 140 154 1540
2311: 1 16 163 1544
2312: 1 13 125 1541
2313: 1 1545
2314: 1 1542
2315: 1 15 104 1546
2316: 1 12 135 1543
2320: 1 10 16 151 160 1510
2321: 1 11 12 132 144 1514
2322: 1 1511
2323: 1 15 101 1515
2324: 1 14 114 1512
2325: 1 13 122 1516
2326: 1 1513
2330: 1 10 155 1550
2331: 1 13 14 15 105 111 126 1554
2332: 1 11 141 1551
2333: 1 12 136 1555
2334: 1 1552
2335: 1 1556
2336: 1 16 164 1553
2340: 1 10 152 1520
2341: 1 1524
2342: 1 1521
2343: 1 11 145 1525
2344: 1 13 123 1522
2345: 1 12 14 16 115 133 161 1526
2346: 1 15 102 1523
2350: 1 10 12 13 120 130 156 1560
2351: 1 1564
2352: 1 14 112 1561
2353: 1 1565
2354: 1 11 15 16 106 142 165 1562
2355: 1 1566
2356: 1 1563
2360: 1 10 153 1530
2361: 1 1534
2362: 1 12 15 103 134 1531
2363: 1 13 16 124 162 1535
2364: 1 1532
2365: 1 11 146 1536
2366: 1 14 116 1533
2400: 1 10 12 100 120 1200
2401: 1 14 16 133 151 1204
2402: 1 1201
2403: 1 15 141 1205
2404: 1 13 163 1202
2405: 1 11 116 1206
2406: 1 1203
2410: 1 10 13 16 124 130 160 1240
2411: 1 15 145 1244
2412: 1 12 104 1241
2413: 1 1245
2414: 1 1242
2415: 1 14 155 1246
2416: 1 11 113 1243
2420: 1 10 11 110 121 1210
2421: 1 1214
2422: 1 14 152 1211
2423: 1 13 164 1215
2424: 1 12 101 1212
2425: 1 1216
2426: 1 15 16 134 142 1213
2430: 1 10 125 1250
2431: 1 11 114 1254
2432: 1 1251
2433: 1 1255
2434: 1 15 146 1252
2435: 1 16 131 1256
2436: 1 12 13 14 105 156 161 1253
2440: 1 10 122 1220
2441: 1 12 102 1224
2442: 1 11 13 15 111 143 165 1221
2443: 1 14 153 1225
2444: 1 16 135 1222
2445: 1 1226
2446: 1 1223
2450: 1 10 14 15 126 140 150 1260
2451: 1 1264
2452: 1 1261
2453: 1 11 12 16 106 115 132 1265
2454: 1 1262
2455: 1 13 162 1266
2456: 1 1263
2460: 1 10 123 1230
2461: 1 13 166 1234
2462: 1 16 136 1231
2463: 1 1235
2464: 1 11 14 112 154 1232
2465: 1 12 15 103 144 1236
2466: 1 1233
2500: 1 10 16 100 160 1600
2501: 1 1604
2502: 1 13 135 1601
2503: 1 12 146 1605
2504: 1 11 152 1602
2505: 1 1606
2506: 1 14 15 112 126 1603
2510: 1 10 164 1640
2511: 1 1644
2512: 1 1641
2513: 1 14 123 1645
2514: 1 15 116 1642
2515: 1 11 12 13 132 143 156 1646
2516: 1 16 104 1643
2520: 1 10 12 14 120 140 161 1610
2521: 1 13 136 1614
2522: 1 15 113 1611
2523: 1 1615
2524: 1 1612
2525: 1 16 101 1616
2526: 1 11 153 1613
2530: 1 10 11 15 110 150 165 1650
2531: 1 1654
2532: 1 12 144 1651
2533: 1 1655
2534: 1 13 14 16 105 124 133 1652
2535: 1 1656
2536: 1 1653
2540: 1 10 13 130 162 1620
2541: 1 11 14 121 154 1624
2542: 1 1621
2543: 1 16 102 1625
2544: 1 12 141 1622
2545: 1 15 114 1626
2546: 1 1623
2550: 1 10 166 1660
2551: 1 1664
2552: 1 11 16 106 151 1661
2553: 1 13 15 111 134 1665
2554: 1 1662
2555: 1 14 125 1666
2556: 1 12 145 1663
2560: 1 10 163 1630
2561: 1 12 15 16 103 115 142 1634
2562: 1 14 122 1631
2563: 1 11 155 1635
2564: 1 1632
2565: 1 1636
2566: 1 13 131 1633
2600: 1 10 13 100 130 1300
2601: 1 1304
2602: 1 15 153 1301
2603: 1 11 125 1305
2604: 1 14 164 1302
2605: 1 1306
2606: 1 12 16 115 144 1303
2610: 1 10 15 134 150 1340
2611: 1 12 14 112 161 1344
2612: 1 1341
2613: 1 13 104 1345
2614: 1 11 122 1342
2615: 1 16 141 1346
2616: 1 1343
2620: 1 10 131 1310
2621: 1 1314
2622: 1 1311
2623: 1 12 116 1315
2624: 1 16 145 1312
2625: 1 11 14 15 126 154 165 1316
2626: 1 13 101 1313
2630: 1 10 135 1350
2631: 1 1354
2632: 1 13 14 105 162 1351
2633: 1 15 16 142 151 1355
2634: 1 1352
2635: 1 12 113 1356
2636: 1 11 123 1353
2640: 1 10 11 12 110 120 132 1320
2641: 1 15 155 1324
2642: 1 16 146 1321
2643: 1 1325
2644: 1 1322
2645: 1 13 102 1326
2646: 1 14 166 1323
2650: 1 10 136 1360
2651: 1 11 13 16 106 124 143 1364
2652: 1 12 114 1361
2653: 1 14 163 1365
2654: 1 1362
2655: 1 1366
2656: 1 15 152 1363
2660: 1 10 14 16 133 140 160 1330
2661: 1 1334
2662: 1 11 121 1331
2663: 1 1335
2664: 1 12 13 15 103 111 156 1332
2665: 1 1336
2666: 1 1333
3000: 1 10 100 1000
3001: 1 1005
3002: 1 1003
3003: 1 11 12 14 132 154 161 1001
3004: 1 13 15 16 111 124 142 1006
3005: 1 1004
3006: 1 1002
3010: 1 10 13 14 105 130 140 1050
3011: 1 1055
3012: 1 15 122 1053
3013: 1 16 116 1051
3014: 1 11 166 1056
3015: 1 12 152 1054
3016: 1 1052
3020: 1 10 12 15 103 120 150 1030
3021: 1 1035
3022: 1 16 114 1033
3023: 1 13 145 1031
3024: 1 14 135 1036
3025: 1 11 164 1034
3026: 1 1032
3030: 1 10 101 1010
3031: 1 14 16 112 133 1015
3032: 1 12 155 1013
3033: 1 1011
3034: 1 1016
3035: 1 15 125 1014
3036: 1 11 13 143 162 1012
3040: 1 10 11 16 106 110 160 1060
3041: 1 1065
3042: 1 13 141 1063
3043: 1 15 123 1061
3044: 1 12 153 1066
3045: 1 14 131 1064
3046: 1 1062
3050: 1 10 104 1040
3051: 1 11 15 121 165 1045
3052: 1 14 136 1043
3053: 1 1041
3054: 1 1046
3055: 1 13 146 1044
3056: 1 12 16 115 151 1042
3060: 1 10 102 1020
3061: 1 12 13 144 156 1025
3062: 1 11 163 1023
3063: 1 1021
3064: 1 1026
3065: 1 16 113 1024
3066: 1 14 15 126 134 1022
3100: 1 10 15 100 150 1500
3101: 1 14 113 1505
3102: 1 11 13 121 143 1503
3103: 1 16 166 1501
3104: 1 1506
3105: 1 1504
3106: 1 12 131 1502
3110: 1 10 155 1550
3111: 1 12 136 1555
3112: 1 16 164 1553
3113: 1 11 141 1551
3114: 1 1556
3115: 1 13 14 15 105 111 126 1554
3116: 1 1552
3120: 1 10 153 1530
3121: 1 13 16 124 162 1535
3122: 1 14 116 1533
3123: 1 12 15 103 134 1531
3124: 1 11 146 1536
3125: 1 1534
3126: 1 1532
3130: 1 10 16 151 160 1510
3131: 1 15 101 1515
3132: 1 1513
3133: 1 1511
3134: 1 13 122 1516
3135: 1 11 12 132 144 1514
3136: 1 14 114 1512
3140: 1 10 12 13 120 130 156 1560
3141: 1 1565
3142: 1 1563
3143: 1 14 112 1561
3144: 1 1566
3145: 1 1564
3146: 1 11 15 16 106 142 165 1562
3150: 1 10 11 14 110 140 154 1540
3151: 1 1545
3152: 1 12 135 1543
3153: 1 13 125 1541
3154: 1 15 104 1546
3155: 1 16 163 1544
3156: 1 1542
3160: 1 10 152 1520
3161: 1 11 145 1525
3162: 1 15 102 1523
3163: 1 1521
3164: 1 12 14 16 115 133 161 1526
3165: 1 1524
3166: 1 13 123 1522
3200: 1 10 13 100 130 1300
3201: 1 11 125 1305
3202: 1 12 16 115 144 1303
3203: 1 15 153 1301
3204: 1 1306
3205: 1 1304
3206: 1 14 164 1302
3210: 1 10 135 1350
3211: 1 15 16 142 151 1355
3212: 1 11 123 1353
3213: 1 13 14 105 162 1351
3214: 1 12 113 1356
3215: 1 1354
3216: 1 1352
3220: 1 10 14 16 133 140 160 1330
3221: 1 1335
3222: 1 1333
3223: 1 11 121 1331
3224: 1 1336
3225: 1 1334
3226: 1 12 13 15 103 111 156 1332
3230: 1 10 131 1310
3231: 1 12 116 1315
3232: 1 13 101 1313
3233: 1 1311
3234: 1 11 14 15 126 154 165 1316
3235: 1 1314
3236: 1 16 145 1312
3240: 1 10 136 1360
3241: 1 14 163 1365
3242: 1 15 152 1363
3243: 1 12 114 1361
3244: 1 1366
3245: 1 11 13 16 106 124 143 1364
3246: 1 1362
3250: 1 10 15 134 150 1340
3251: 1 13 104 1345
3252: 1 1343
3253: 1 1341
3254: 1 16 141 1346
3255: 1 12 14 112 161 1344
3256: 1 11 122 1342
3260: 1 10 11 12 110 120 132 1320
3261: 1 1325
3262: 1 14 166 1323
3263: 1 16 146 1321
3264: 1 13 102 1326
3265: 1 15 155 1324
3266: 1 1322
3300: 1 10 11 100 110 1100
3301: 1 16 122 1105
3302: 1 1103
3303: 1 1101
3304: 1 14 145 1106
3305: 1 12 13 156 162 1104
3306: 1 15 136 1102
3310: 1 10 12 16 115 120 160 1150
3311: 1 11 13 14 105 143 154 1155
3312: 1 1153
3313: 1 1151
3314: 1 15 134 1156
3315: 1 1154
3316: 1 1152
3320: 1 10 113 1130
3321: 1 1135
3322: 1 11 12 15 103 132 165 1133
3323: 1 1131
3324: 1 13 152 1136
3325: 1 14 141 1134
3326: 1 16 125 1132
3330: 1 10 13 15 111 130 150 1110
3331: 1 1115
3332: 1 14 146 1113
3333: 1 11 101 1111
3334: 1 12 163 1116
3335: 1 16 123 1114
3336: 1 1112
3340: 1 10 116 1160
3341: 1 1165
3342: 1 1163
3343: 1 13 155 1161
3344: 1 11 16 106 121 1166
3345: 1 15 135 1164
3346: 1 12 14 144 161 1162
3350: 1 10 114 1140
3351: 1 12 166 1145
3352: 1 1143
3353: 1 14 15 16 126 133 142 1141
3354: 1 1146
3355: 1 11 104 1144
3356: 1 13 153 1142
3360: 1 10 14 112 140 1120
3361: 1 15 131 1125
3362: 1 13 16 124 151 1123
3363: 1 12 164 1121
3364: 1 1126
3365: 1 1124
3366: 1 11 102 1122
3400: 1 10 16 100 160 1600
3401: 1 12 146 1605
3402: 1 14 15 112 126 1603
3403: 1 13 135 1601
3404: 1 1606
3405: 1 1604
3406: 1 11 152 1602
3410: 1 10 11 15 110 150 165 1650
3411: 1 1655
3412: 1 1653
3413: 1 12 144 1651
3414: 1 1656
3415: 1 1654
3416: 1 13 14 16 105 124 133 1652
3420: 1 10 163 1630
3421: 1 11 155 1635
3422: 1 13 131 1633
3423: 1 14 122 1631
3424: 1 1636
3425: 1 12 15 16 103 115 142 1634
3426: 1 1632
3430: 1 10 12 14 120 140 161 1610
3431: 1 1615
3432: 1 11 153 1613
3433: 1 15 113 1611
3434: 1 16 101 1616
3435: 1 13 136 1614
3436: 1 1612
3440: 1 10 166 1660
3441: 1 13 15 111 134 1665
3442: 1 12 145 1663
3443: 1 11 16 106 151 1661
3444: 1 14 125 1666
3445: 1 1664
3446: 1 1662
3450: 1 10 164 1640
3451: 1 14 123 1645
3452: 1 16 104 1643
3453: 1 1641
3454: 1 11 12 13 132 143 156 1646
3455: 1 1644
3456: 1 15 116 1642
3460: 1 10 13 130 162 1620
3461: 1 16 102 1625
3462: 1 1623
3463: 1 1621
3464: 1 15 114 1626
3465: 1 11 14 121 154 1624
3466: 1 12 141 1622
3500: 1 10 14 100 140 1400
3501: 1 13 114 1405
3502: 1 1403
3503: 1 1401
3504: 1 12 123 1406
3505: 1 11 15 134 165 1404
3506: 1 16 155 1402
3510: 1 10 145 1450
3511: 1 1455
3512: 1 1453
3513: 1 15 163 1451
3514: 1 13 14 105 112 1456
3515: 1 16 153 1454
3516: 1 11 12 121 132 1452
3520: 1 10 11 13 110 130 143 1430
3521: 1 12 14 15 103 126 161 1435
3522: 1 1433
3523: 1 1431
3524: 1 16 151 1436
3525: 1 1434
3526: 1 1432
3530: 1 10 141 1410
3531: 1 11 135 1415
3532: 1 1413
3533: 1 12 13 16 115 124 156 1411
3534: 1 1416
3535: 1 14 101 1414
3536: 1 15 166 1412
3540: 1 10 146 1460
3541: 1 1465
3542: 1 11 14 16 106 133 154 1463
3543: 1 1461
3544: 1 15 164 1466
3545: 1 12 122 1464
3546: 1 13 113 1462
3550: 1 10 12 120 144 1440
3551: 1 16 152 1445
3552: 1 13 15 111 162 1443
3553: 1 11 131 1441
3554: 1 1446
3555: 1 1444
3556: 1 14 104 1442
3560: 1 10 15 16 142 150 160 1420
3561: 1 1425
3562: 1 12 125 1423
3563: 1 14 102 1421
3564: 1 11 136 1426
3565: 1 13 116 1424
3566: 1 1422
3600: 1 10 12 100 120 1200
3601: 1 15 141 1205
3602: 1 1203
3603: 1 1201
3604: 1 11 116 1206
3605: 1 14 16 133 151 1204
3606: 1 13 163 1202
3610: 1 10 125 1250
3611: 1 1255
3612: 1 12 13 14 105 156 161 1253
3613: 1 1251
3614: 1 16 131 1256
3615: 1 11 114 1254
3616: 1 15 146 1252
3620: 1 10 123 1230
3621: 1 1235
3622: 1 1233
3623: 1 16 136 1231
3624: 1 12 15 103 144 1236
3625: 1 13 166 1234
3626: 1 11 14 112 154 1232
3630: 1 10 11 110 121 1210
3631: 1 13 164 1215
3632: 1 15 16 134 142 1213
3633: 1 14 152 1211
3634: 1 1216
3635: 1 1214
3636: 1 12 101 1212
3640: 1 10 14 15 126 140 150 1260
3641: 1 11 12 16 106 115 132 1265
3642: 1 1263
3643: 1 1261
3644: 1 13 162 1266
3645: 1 1264
3646: 1 1262
3650: 1 10 13 16 124 130 160 1240
3651: 1 1245
3652: 1 11 113 1243
3653: 1 12 104 1241
3654: 1 14 155 1246
3655: 1 15 145 1244
3656: 1 1242
3660: 1 10 122 1220
3661: 1 14 153 1225
3662: 1 1223
3663: 1 11 13 15 111 143 165 1221
3664: 1 1226
3665: 1 12 102 1224
3666: 1 16 135 1222
4000: 1 10 100 1000
4001: 1 1002
4002: 1 1004
4003: 1 13 15 16 111 124 142 1006
4004: 1 11 12 14 132 154 161 1001
4005: 1 1003
4006: 1 1005
4010: 1 10 102 1020
4011: 1 14 15 126 134 1022
4012: 1 16 113 1024
4013: 1 1026
4014: 1 1021
4015: 1 11 163 1023
4016: 1 12 13 144 156 1025
4020: 1 10 104 1040
4021: 1 12 16 115 151 1042
4022: 1 13 146 1044
4023: 1 1046
4024: 1 1041
4025: 1 14 136 1043
4026: 1 11 15 121 165 1045
4030: 1 10 11 16 106 110 160 1060
4031: 1 1062
4032: 1 14 131 1064
4033: 1 12 153 1066
4034: 1 15 123 1061
4035: 1 13 141 1063
4036: 1 1065
4040: 1 10 101 1010
4041: 1 11 13 143 162 1012
4042: 1 15 125 1014
4043: 1 1016
4044: 1 1011
4045: 1 12 155 1013
4046: 1 14 16 112 133 1015
4050: 1 10 12 15 103 120 150 1030
4051: 1 1032
4052: 1 11 164 1034
4053: 1 14 135 1036
4054: 1 13 145 1031
4055: 1 16 114 1033
4056: 1 1035
4060: 1 10 13 14 105 130 140 1050
4061: 1 1052
4062: 1 12 152 1054
4063: 1 11 166 1056
4064: 1 16 116 1051
4065: 1 15 122 1053
4066: 1 1055
4100: 1 10 12 100 120 1200
4101: 1 13 163 1202
4102: 1 14 16 133 151 1204
4103: 1 11 116 1206
4104: 1 1201
4105: 1 1203
4106: 1 15 141 1205
4110: 1 10 122 1220
4111: 1 16 135 1222
4112: 1 12 102 1224
4113: 1 1226
4114: 1 11 13 15 111 143 165 1221
4115: 1 1223
4116: 1 14 153 1225
4120: 1 10 13 16 124 130 160 1240
4121: 1 1242
4122: 1 15 145 1244
4123: 1 14 155 1246
4124: 1 12 104 1241
4125: 1 11 113 1243
4126: 1 1245
4130: 1 10 14 15 126 140 150 1260
4131: 1 1262
4132: 1 1264
4133: 1 13 162 1266
4134: 1 1261
4135: 1 1263
4136: 1 11 12 16 106 115 132 1265
4140: 1 10 11 110 121 1210
4141: 1 12 101 1212
4142: 1 1214
4143: 1 1216
4144: 1 14 152 1211
4145: 1 15 16 134 142 1213
4146: 1 13 164 1215
4150: 1 10 123 1230
4151: 1 11 14 112 154 1232
4152: 1 13 166 1234
4153: 1 12 15 103 144 1236
4154: 1 16 136 1231
4155: 1 1233
4156: 1 1235
4160: 1 10 125 1250
4161: 1 15 146 1252
4162: 1 11 114 1254
4163: 1 16 131 1256
4164: 1 1251
4165: 1 12 13 14 105 156 161 1253
4166: 1 1255
4200: 1 10 14 100 140 1400
4201: 1 16 155 1402
4202: 1 11 15 134 165 1404
4203: 1 12 123 1406
4204: 1 1401
4205: 1 1403
4206: 1 13 114 1405
4210: 1 10 15 16 142 150 160 1420
4211: 1 1422
4212: 1 13 116 1424
4213: 1 11 136 1426
4214: 1 14 102 1421
4215: 1 12 125 1423
4216: 1 1425
4220: 1 10 12 120 144 1440
4221: 1 14 104 1442
4222: 1 1444
4223: 1 1446
4224: 1 11 131 1441
4225: 1 13 15 111 162 1443
4226: 1 16 152 1445
4230: 1 10 146 1460
4231: 1 13 113 1462
4232: 1 12 122 1464
4233: 1 15 164 1466
4234: 1 1461
4235: 1 11 14 16 106 133 154 1463
4236: 1 1465
4240: 1 10 141 1410
4241: 1 15 166 1412
4242: 1 14 101 1414
4243: 1 1416
4244: 1 12 13 16 115 124 156 1411
4245: 1 1413
4246: 1 11 135 1415
4250: 1 10 11 13 110 130 143 1430
4251: 1 1432
4252: 1 1434
4253: 1 16 151 1436
4254: 1 1431
4255: 1 1433
4256: 1 12 14 15 103 126 161 1435
4260: 1 10 145 1450
4261: 1 11 12 121 132 1452
4262: 1 16 153 1454
4263: 1 13 14 105 112 1456
4264: 1 15 163 1451
4265: 1 1453
4266: 1 1455
4300: 1 10 16 100 160 1600
4301: 1 11 152 1602
4302: 1 1604
4303: 1 1606
4304: 1 13 135 1601
4305: 1 14 15 112 126 1603
4306: 1 12 146 1605
4310: 1 10 13 130 162 1620
4311: 1 12 141 1622
4312: 1 11 14 121 154 1624
4313: 1 15 114 1626
4314: 1 1621
4315: 1 1623
4316: 1 16 102 1625
4320: 1 10 164 1640
4321: 1 15 116 1642
4322: 1 1644
4323: 1 11 12 13 132 143 156 1646
4324: 1 1641
4325: 1 16 104 1643
4326: 1 14 123 1645
4330: 1 10 166 1660
4331: 1 1662
4332: 1 1664
4333: 1 14 125 1666
4334: 1 11 16 106 151 1661
4335: 1 12 145 1663
4336: 1 13 15 111 134 1665
4340: 1 10 12 14 120 140 161 1610
4341: 1 1612
4342: 1 13 136 1614
4343: 1 16 101 1616
4344: 1 15 113 1611
4345: 1 11 153 1613
4346: 1 1615
4350: 1 10 163 1630
4351: 1 1632
4352: 1 12 15 16 103 115 142 1634
4353: 1 1636
4354: 1 14 122 1631
4355: 1 13 131 1633
4356: 1 11 155 1635
4360: 1 10 11 15 110 150 165 1650
4361: 1 13 14 16 105 124 133 1652
4362: 1 1654
4363: 1 1656
4364: 1 12 144 1651
4365: 1 1653
4366: 1 1655
4400: 1 10 11 100 110 1100
4401: 1 15 136 1102
4402: 1 12 13 156 162 1104
4403: 1 14 145 1106
4404: 1 1101
4405: 1 1103
4406: 1 16 122 1105
4410: 1 10 14 112 140 1120
4411: 1 11 102 1122
4412: 1 1124
4413: 1 1126
4414: 1 12 164 1121
4415: 1 13 16 124 151 1123
4416: 1 15 131 1125
4420: 1 10 114 1140
4421: 1 13 153 1142
4422: 1 11 104 1144
4423: 1 1146
4424: 1 14 15 16 126 133 142 1141
4425: 1 1143
4426: 1 12 166 1145
4430: 1 10 116 1160
4431: 1 12 14 144 161 1162
4432: 1 15 135 1164
4433: 1 11 16 106 121 1166
4434: 1 13 155 1161
4435: 1 1163
4436: 1 1165
4440: 1 10 13 15 111 130 150 1110
4441: 1 1112
4442: 1 16 123 1114
4443: 1 12 163 1116
4444: 1 11 101 1111
4445: 1 14 146 1113
4446: 1 1115
4450: 1 10 113 1130
4451: 1 16 125 1132
4452: 1 14 141 1134
4453: 1 13 152 1136
4454: 1 1131
4455: 1 11 12 15 103 132 165 1133
4456: 1 1135
4460: 1 10 12 16 115 120 160 1150
4461: 1 1152
4462: 1 1154
4463: 1 15 134 1156
4464: 1 1151
4465: 1 1153
4466: 1 11 13 14 105 143 154 1155
4500: 1 10 13 100 130 1300
4501: 1 14 164 1302
4502: 1 1304
4503: 1 1306
4504: 1 15 153 1301
4505: 1 12 16 115 144 1303
4506: 1 11 125 1305
4510: 1 10 11 12 110 120 132 1320
4511: 1 1322
4512: 1 15 155 1324
4513: 1 13 102 1326
4514: 1 16 146 1321
4515: 1 14 166 1323
4516: 1 1325
4520: 1 10 15 134 150 1340
4521: 1 11 122 1342
4522: 1 12 14 112 161 1344
4523: 1 16 141 1346
4524: 1 1341
4525: 1 1343
4526: 1 13 104 1345
4530: 1 10 136 1360
4531: 1 1362
4532: 1 11 13 16 106 124 143 1364
4533: 1 1366
4534: 1 12 114 1361
4535: 1 15 152 1363
4536: 1 14 163 1365
4540: 1 10 131 1310
4541: 1 16 145 1312
4542: 1 1314
4543: 1 11 14 15 126 154 165 1316
4544: 1 1311
4545: 1 13 101 1313
4546: 1 12 116 1315
4550: 1 10 14 16 133 140 160 1330
4551: 1 12 13 15 103 111 156 1332
4552: 1 1334
4553: 1 1336
4554: 1 11 121 1331
4555: 1 1333
4556: 1 1335
4560: 1 10 135 1350
4561: 1 1352
4562: 1 1354
4563: 1 12 113 1356
4564: 1 13 14 105 162 1351
4565: 1 11 123 1353
4566: 1 15 16 142 151 1355
4600: 1 10 15 100 150 1500
4601: 1 12 131 1502
4602: 1 1504
4603: 1 1506
4604: 1 16 166 1501
4605: 1 11 13 121 143 1503
4606: 1 14 113 1505
4610: 1 10 152 1520
4611: 1 13 123 1522
4612: 1 1524
4613: 1 12 14 16 115 133 161 1526
4614: 1 1521
4615: 1 15 102 1523
4616: 1 11 145 1525
4620: 1 10 11 14 110 140 154 1540
4621: 1 1542
4622: 1 16 163 1544
4623: 1 15 104 1546
4624: 1 13 125 1541
4625: 1 12 135 1543
4626: 1 1545
4630: 1 10 12 13 120 130 156 1560
4631: 1 11 15 16 106 142 165 1562
4632: 1 1564
4633: 1 1566
4634: 1 14 112 1561
4635: 1 1563
4636: 1 1565
4640: 1 10 16 151 160 1510
4641: 1 14 114 1512
4642: 1 11 12 132 144 1514
4643: 1 13 122 1516
4644: 1 1511
4645: 1 1513
4646: 1 15 101 1515
4650: 1 10 153 1530
4651: 1 1532
4652: 1 1534
4653: 1 11 146 1536
4654: 1 12 15 103 134 1531
4655: 1 14 116 1533
4656: 1 13 16 124 162 1535
4660: 1 10 155 1550
4661: 1 1552
4662: 1 13 14 15 105 111 126 1554
4663: 1 1556
4664: 1 11 141 1551
4665: 1 16 164 1553
4666: 1 12 136 1555
5000: 1 10 100 1000
5001: 1 1003
5002: 1 13 15 16 111 124 142 1006
5003: 1 1002
5004: 1 1005
5005: 1 11 12 14 132 154 161 1001
5006: 1 1004
5010: 1 10 12 15 103 120 150 1030
5011: 1 16 114 1033
5012: 1 14 135 1036
5013: 1 1032
5014: 1 1035
5015: 1 13 145 1031
5016: 1 11 164 1034
5020: 1 10 11 16 106 110 160 1060
5021: 1 13 141 1063
5022: 1 12 153 1066
5023: 1 1062
5024: 1 1065
5025: 1 15 123 1061
5026: 1 14 131 1064
5030: 1 10 102 1020
5031: 1 11 163 1023
5032: 1 1026
5033: 1 14 15 126 134 1022
5034: 1 12 13 144 156 1025
5035: 1 1021
5036: 1 16 113 1024
5040: 1 10 13 14 105 130 140 1050
5041: 1 15 122 1053
5042: 1 11 166 1056
5043: 1 1052
5044: 1 1055
5045: 1 16 116 1051
5046: 1 12 152 1054
5050: 1 10 101 1010
5051: 1 12 155 1013
5052: 1 1016
5053: 1 11 13 143 162 1012
5054: 1 14 16 112 133 1015
5055: 1 1011
5056: 1 15 125 1014
5060: 1 10 104 1040
5061: 1 14 136 1043
5062: 1 1046
5063: 1 12 16 115 151 1042
5064: 1 11 15 121 165 1045
5065: 1 1041
5066: 1 13 146 1044
5100: 1 10 13 100 130 1300
5101: 1 12 16 115 144 1303
5102: 1 1306
5103: 1 14 164 1302
5104: 1 11 125 1305
5105: 1 15 153 1301
5106: 1 1304
5110: 1 10 14 16 133 140 160 1330
5111: 1 1333
5112: 1 1336
5113: 1 12 13 15 103 111 156 1332
5114: 1 1335
5115: 1 11 121 1331
5116: 1 1334
5120: 1 10 136 1360
5121: 1 15 152 1363
5122: 1 1366
5123: 1 1362
5124: 1 14 163 1365
5125: 1 12 114 1361
5126: 1 11 13 16 106 124 143 1364
5130: 1 10 11 12 110 120 132 1320
5131: 1 14 166 1323
5132: 1 13 102 1326
5133: 1 1322
5134: 1 1325
5135: 1 16 146 1321
5136: 1 15 155 1324
5140: 1 10 135 1350
5141: 1 11 123 1353
5142: 1 12 113 1356
5143: 1 1352
5144: 1 15 16 142 151 1355
5145: 1 13 14 105 162 1351
5146: 1 1354
5150: 1 10 131 1310
5151: 1 13 101 1313
5152: 1 11 14 15 126 154 165 1316
5153: 1 16 145 1312
5154: 1 12 116 1315
5155: 1 1311
5156: 1 1314
5160: 1 10 15 134 150 1340
5161: 1 1343
5162: 1 16 141 1346
5163: 1 11 122 1342
5164: 1 13 104 1345
5165: 1 1341
5166: 1 12 14 112 161 1344
5200: 1 10 16 100 160 1600
5201: 1 14 15 112 126 1603
5202: 1 1606
5203: 1 11 152 1602
5204: 1 12 146 1605
5205: 1 13 135 1601
5206: 1 1604
5210: 1 10 163 1630
5211: 1 13 131 1633
5212: 1 1636
5213: 1 1632
5214: 1 11 155 1635
5215: 1 14 122 1631
5216: 1 12 15 16 103 115 142 1634
5220: 1 10 166 1660
5221: 1 12 145 1663
5222: 1 14 125 1666
5223: 1 1662
5224: 1 13 15 111 134 1665
5225: 1 11 16 106 151 1661
5226: 1 1664
5230: 1 10 13 130 162 1620
5231: 1 1623
5232: 1 15 114 1626
5233: 1 12 141 1622
5234: 1 16 102 1625
5235: 1 1621
5236: 1 11 14 121 154 1624
5240: 1 10 11 15 110 150 165 1650
5241: 1 1653
5242: 1 1656
5243: 1 13 14 16 105 124 133 1652
5244: 1 1655
5245: 1 12 144 1651
5246: 1 1654
5250: 1 10 12 14 120 140 161 1610
5251: 1 11 153 1613
5252: 1 16 101 1616
5253: 1 1612
5254: 1 1615
5255: 1 15 113 1611
5256: 1 13 136 1614
5260: 1 10 164 1640
5261: 1 16 104 1643
5262: 1 11 12 13 132 143 156 1646
5263: 1 15 116 1642
5264: 1 14 123 1645
5265: 1 1641
5266: 1 1644
5300: 1 10 12 100 120 1200
5301: 1 1203
5302: 1 11 116 1206
5303: 1 13 163 1202
5304: 1 15 141 1205
5305: 1 1201
5306: 1 14 16 133 151 1204
5310: 1 10 123 1230
5311: 1 1233
5312: 1 12 15 103 144 1236
5313: 1 11 14 112 154 1232
5314: 1 1235
5315: 1 16 136 1231
5316: 1 13 166 1234
5320: 1 10 14 15 126 140 150 1260
5321: 1 1263
5322: 1 13 162 1266
5323: 1 1262
5324: 1 11 12 16 106 115 132 1265
5325: 1 1261
5326: 1 1264
5330: 1 10 122 1220
5331: 1 1223
5332: 1 1226
5333: 1 16 135 1222
5334: 1 14 153 1225
5335: 1 11 13 15 111 143 165 1221
5336: 1 12 102 1224
5340: 1 10 125 1250
5341: 1 12 13 14 105 156 161 1253
5342: 1 16 131 1256
5343: 1 15 146 1252
5344: 1 1255
5345: 1 1251
5346: 1 11 114 1254
5350: 1 10 11 110 121 1210
5351: 1 15 16 134 142 1213
5352: 1 1216
5353: 1 12 101 1212
5354: 1 13 164 1215
5355: 1 14 152 1211
5356: 1 1214
5360: 1 10 13 16 124 130 160 1240
5361: 1 11 113 1243
5362: 1 14 155 1246
5363: 1 1242
5364: 1 1245
5365: 1 12 104 1241
5366: 1 15 145 1244
5400: 1 10 15 100 150 1500
5401: 1 11 13 121 143 1503
5402: 1 1506
5403: 1 12 131 1502
5404: 1 14 113 1505
5405: 1 16 166 1501
5406: 1 1504
5410: 1 10 153 1530
5411: 1 14 116 1533
5412: 1 11 146 1536
5413: 1 1532
5414: 1 13 16 124 162 1535
5415: 1 12 15 103 134 1531
5416: 1 1534
5420: 1 10 12 13 120 130 156 1560
5421: 1 1563
5422: 1 1566
5423: 1 11 15 16 106 142 165 1562
5424: 1 1565
5425: 1 14 112 1561
5426: 1 1564
5430: 1 10 152 1520
5431: 1 15 102 1523
5432: 1 12 14 16 115 133 161 1526
5433: 1 13 123 1522
5434: 1 11 145 1525
5435: 1 1521
5436: 1 1524
5440: 1 10 155 1550
5441: 1 16 164 1553
5442: 1 1556
5443: 1 1552
5444: 1 12 136 1555
5445: 1 11 141 1551
5446: 1 13 14 15 105 111 126 1554
5450: 1 10 16 151 160 1510
5451: 1 1513
5452: 1 13 122 1516
5453: 1 14 114 1512
5454: 1 15 101 1515
5455: 1 1511
5456: 1 11 12 132 144 1514
5460: 1 10 11 14 110 140 154 1540
5461: 1 12 135 1543
5462: 1 15 104 1546
5463: 1 1542
5464: 1 1545
5465: 1 13 125 1541
5466: 1 16 163 1544
5500: 1 10 11 100 110 1100
5501: 1 1103
5502: 1 14 145 1106
5503: 1 15 136 1102
5504: 1 16 122 1105
5505: 1 1101
5506: 1 12 13 156 162 1104
5510: 1 10 113 1130
5511: 1 11 12 15 103 132 165 1133
5512: 1 13 152 1136
5513: 1 16 125 1132
5514: 1 1135
5515: 1 1131
5516: 1 14 141 1134
5520: 1 10 116 1160
5521: 1 1163
5522: 1 11 16 106 121 1166
5523: 1 12 14 144 161 1162
5524: 1 1165
5525: 1 13 155 1161
5526: 1 15 135 1164
5530: 1 10 14 112 140 1120
5531: 1 13 16 124 151 1123
5532: 1 1126
5533: 1 11 102 1122
5534: 1 15 131 1125
5535: 1 12 164 1121
5536: 1 1124
5540: 1 10 12 16 115 120 160 1150
5541: 1 1153
5542: 1 15 134 1156
5543: 1 1152
5544: 1 11 13 14 105 143 154 1155
5545: 1 1151
5546: 1 1154
5550: 1 10 13 15 111 130 150 1110
5551: 1 14 146 1113
5552: 1 12 163 1116
5553: 1 1112
5554: 1 1115
5555: 1 11 101 1111
5556: 1 16 123 1114
5560: 1 10 114 1140
5561: 1 1143
5562: 1 1146
5563: 1 13 153 1142
5564: 1 12 166 1145
5565: 1 14 15 16 126 133 142 1141
5566: 1 11 104 1144
5600: 1 10 14 100 140 1400
5601: 1 1403
5602: 1 12 123 1406
5603: 1 16 155 1402
5604: 1 13 114 1405
5605: 1 1401
5606: 1 11 15 134 165 1404
5610: 1 10 11 13 110 130 143 1430
5611: 1 1433
5612: 1 16 151 1436
5613: 1 1432
5614: 1 12 14 15 103 126 161 1435
5615: 1 1431
5616: 1 1434
5620: 1 10 146 1460
5621: 1 11 14 16 106 133 154 1463
5622: 1 15 164 1466
5623: 1 13 113 1462
5624: 1 1465
5625: 1 1461
5626: 1 12 122 1464
5630: 1 10 15 16 142 150 160 1420
5631: 1 12 125 1423
5632: 1 11 136 1426
5633: 1 1422
5634: 1 1425
5635: 1 14 102 1421
5636: 1 13 116 1424
5640: 1 10 145 1450
5641: 1 1453
5642: 1 13 14 105 112 1456
5643: 1 11 12 121 132 1452
5644: 1 1455
5645: 1 15 163 1451
5646: 1 16 153 1454
5650: 1 10 141 1410
5651: 1 1413
5652: 1 1416
5653: 1 15 166 1412
5654: 1 11 135 1415
5655: 1 12 13 16 115 124 156 1411
5656: 1 14 101 1414
5660: 1 10 12 120 144 1440
5661: 1 13 15 111 162 1443
5662: 1 1446
5663: 1 14 104 1442
5664: 1 16 152 1445
5665: 1 11 131 1441
5666: 1 1444
6000: 1 10 100 1000
6001: 1 13 15 16 111 124 142 1006
6002: 1 1005
6003: 1 1004
6004: 1 1003
6005: 1 1002
6006: 1 11 12 14 132 154 161 1001
6010: 1 10 11 16 106 110 160 1060
6011: 1 12 153 1066
6012: 1 1065
6013: 1 14 131 1064
6014: 1 13 141 1063
6015: 1 1062
6016: 1 15 123 1061
6020: 1 10 13 14 105 130 140 1050
6021: 1 11 166 1056
6022: 1 1055
6023: 1 12 152 1054
6024: 1 15 122 1053
6025: 1 1052
6026: 1 16 116 1051
6030: 1 10 104 1040
6031: 1 1046
6032: 1 11 15 121 165 1045
6033: 1 13 146 1044
6034: 1 14 136 1043
6035: 1 12 16 115 151 1042
6036: 1 1041
6040: 1 10 12 15 103 120 150 1030
6041: 1 14 135 1036
6042: 1 1035
6043: 1 11 164 1034
6044: 1 16 114 1033
6045: 1 1032
6046: 1 13 145 1031
6050: 1 10 102 1020
6051: 1 1026
6052: 1 12 13 144 156 1025
6053: 1 16 113 1024
6054: 1 11 163 1023
6055: 1 14 15 126 134 1022
6056: 1 1021
6060: 1 10 101 1010
6061: 1 1016
6062: 1 14 16 112 133 1015
6063: 1 15 125 1014
6064: 1 12 155 1013
6065: 1 11 13 143 162 1012
6066: 1 1011
6100: 1 10 16 100 160 1600
6101: 1 1606
6102: 1 12 146 1605
6103: 1 1604
6104: 1 14 15 112 126 1603
6105: 1 11 152 1602
6106: 1 13 135 1601
6110: 1 10 166 1660
6111: 1 14 125 1666
6112: 1 13 15 111 134 1665
6113: 1 1664
6114: 1 12 145 1663
6115: 1 1662
6116: 1 11 16 106 151 1661
6120: 1 10 11 15 110 150 165 1650
6121: 1 1656
6122: 1 1655
6123: 1 1654
6124: 1 1653
6125: 1 13 14 16 105 124 133 1652
6126: 1 12 144 1651
6130: 1 10 164 1640
6131: 1 11 12 13 132 143 156 1646
6132: 1 14 123 1645
6133: 1 1644
6134: 1 16 104 1643
6135: 1 15 116 1642
6136: 1 1641
6140: 1 10 163 1630
6141: 1 1636
6142: 1 11 155 1635
6143: 1 12 15 16 103 115 142 1634
6144: 1 13 131 1633
6145: 1 1632
6146: 1 14 122 1631
6150: 1 10 13 130 162 1620
6151: 1 15 114 1626
6152: 1 16 102 1625
6153: 1 11 14 121 154 1624
6154: 1 1623
6155: 1 12 141 1622
6156: 1 1621
6160: 1 10 12 14 120 140 161 1610
6161: 1 16 101 1616
6162: 1 1615
6163: 1 13 136 1614
6164: 1 11 153 1613
6165: 1 1612
6166: 1 15 113 1611
6200: 1 10 15 100 150 1500
6201: 1 1506
6202: 1 14 113 1505
6203: 1 1504
6204: 1 11 13 121 143 1503
6205: 1 12 131 1502
6206: 1 16 166 1501
6210: 1 10 12 13 120 130 156 1560
6211: 1 1566
6212: 1 1565
6213: 1 1564
6214: 1 1563
6215: 1 11 15 16 106 142 165 1562
6216: 1 14 112 1561
6220: 1 10 155 1550
6221: 1 1556
6222: 1 12 136 1555
6223: 1 13 14 15 105 111 126 1554
6224: 1 16 164 1553
6225: 1 1552
6226: 1 11 141 1551
6230: 1 10 11 14 110 140 154 1540
6231: 1 15 104 1546
6232: 1 1545
6233: 1 16 163 1544
6234: 1 12 135 1543
6235: 1 1542
6236: 1 13 125 1541
6240: 1 10 153 1530
6241: 1 11 146 1536
6242: 1 13 16 124 162 1535
6243: 1 1534
6244: 1 14 116 1533
6245: 1 1532
6246: 1 12 15 103 134 1531
6250: 1 10 152 1520
6251: 1 12 14 16 115 133 161 1526
6252: 1 11 145 1525
6253: 1 1524
6254: 1 15 102 1523
6255: 1 13 123 1522
6256: 1 1521
6260: 1 10 16 151 160 1510
6261: 1 13 122 1516
6262: 1 15 101 1515
6263: 1 11 12 132 144 1514
6264: 1 1513
6265: 1 14 114 1512
6266: 1 1511
6300: 1 10 14 100 140 1400
6301: 1 12 123 1406
6302: 1 13 114 1405
6303: 1 11 15 134 165 1404
6304: 1 1403
6305: 1 16 155 1402
6306: 1 1401
6310: 1 10 146 1460
6311: 1 15 164 1466
6312: 1 1465
6313: 1 12 122 1464
6314: 1 11 14 16 106 133 154 1463
6315: 1 13 113 1462
6316: 1 1461
6320: 1 10 145 1450
6321: 1 13 14 105 112 1456
6322: 1 1455
6323: 1 16 153 1454
6324: 1 1453
6325: 1 11 12 121 132 1452
6326: 1 15 163 1451
6330: 1 10 12 120 144 1440
6331: 1 1446
6332: 1 16 152 1445
6333: 1 1444
6334: 1 13 15 111 162 1443
6335: 1 14 104 1442
6336: 1 11 131 1441
6340: 1 10 11 13 110 130 143 1430
6341: 1 16 151 1436
6342: 1 12 14 15 103 126 161 1435
6343: 1 1434
6344: 1 1433
6345: 1 1432
6346: 1 1431
6350: 1 10 15 16 142 150 160 1420
6351: 1 11 136 1426
6352: 1 1425
6353: 1 13 116 1424
6354: 1 12 125 1423
6355: 1 1422
6356: 1 14 102 1421
6360: 1 10 141 1410
6361: 1 1416
6362: 1 11 135 1415
6363: 1 14 101 1414
6364: 1 1413
6365: 1 15 166 1412
6366: 1 12 13 16 115 124 156 1411
6400: 1 10 13 100 130 1300
6401: 1 1306
6402: 1 11 125 1305
6403: 1 1304
6404: 1 12 16 115 144 1303
6405: 1 14 164 1302
6406: 1 15 153 1301
6410: 1 10 136 1360
6411: 1 1366
6412: 1 14 163 1365
6413: 1 11 13 16 106 124 143 1364
6414: 1 15 152 1363
6415: 1 1362
6416: 1 12 114 1361
6420: 1 10 135 1350
6421: 1 12 113 1356
6422: 1 15 16 142 151 1355
6423: 1 1354
6424: 1 11 123 1353
6425: 1 1352
6426: 1 13 14 105 162 1351
6430: 1 10 15 134 150 1340
6431: 1 16 141 1346
6432: 1 13 104 1345
6433: 1 12 14 112 161 1344
6434: 1 1343
6435: 1 11 122 1342
6436: 1 1341
6440: 1 10 14 16 133 140 160 1330
6441: 1 1336
6442: 1 1335
6443: 1 1334
6444: 1 1333
6445: 1 12 13 15 103 111 156 1332
6446: 1 11 121 1331
6450: 1 10 11 12 110 120 132 1320
6451: 1 13 102 1326
6452: 1 1325
6453: 1 15 155 1324
6454: 1 14 166 1323
6455: 1 1322
6456: 1 16 146 1321
6460: 1 10 131 1310
6461: 1 11 14 15 126 154 165 1316
6462: 1 12 116 1315
6463: 1 1314
6464: 1 13 101 1313
6465: 1 16 145 1312
6466: 1 1311
6500: 1 10 12 100 120 1200
6501: 1 11 116 1206
6502: 1 15 141 1205
6503: 1 14 16 133 151 1204
6504: 1 1203
6505: 1 13 163 1202
6506: 1 1201
6510: 1 10 14 15 126 140 150 1260
6511: 1 13 162 1266
6512: 1 11 12 16 106 115 132 1265
6513: 1 1264
6514: 1 1263
6515: 1 1262
6516: 1 1261
6520: 1 10 125 1250
6521: 1 16 131 1256
6522: 1 1255
6523: 1 11 114 1254
6524: 1 12 13 14 105 156 161 1253
6525: 1 15 146 1252
6526: 1 1251
6530: 1 10 13 16 124 130 160 1240
6531: 1 14 155 1246
6532: 1 1245
6533: 1 15 145 1244
6534: 1 11 113 1243
6535: 1 1242
6536: 1 12 104 1241
6540: 1 10 123 1230
6541: 1 12 15 103 144 1236
6542: 1 1235
6543: 1 13 166 1234
6544: 1 1233
6545: 1 11 14 112 154 1232
6546: 1 16 136 1231
6550: 1 10 122 1220
6551: 1 1226
6552: 1 14 153 1225
6553: 1 12 102 1224
6554: 1 1223
6555: 1 16 135 1222
6556: 1 11 13 15 111 143 165 1221
6560: 1 10 11 110 121 1210
6561: 1 1216
6562: 1 13 164 1215
6563: 1 1214
6564: 1 15 16 134 142 1213
6565: 1 12 101 1212
6566: 1 14 152 1211
6600: 1 10 11 100 110 1100
6601: 1 14 145 1106
6602: 1 16 122 1105
6603: 1 12 13 156 162 1104
6604: 1 1103
6605: 1 15 136 1102
6606: 1 1101
6610: 1 10 116 1160
6611: 1 11 16 106 121 1166
6612: 1 1165
6613: 1 15 135 1164
6614: 1 1163
6615: 1 12 14 144 161 1162
6616: 1 13 155 1161
6620: 1 10 12 16 115 120 160 1150
6621: 1 15 134 1156
6622: 1 11 13 14 105 143 154 1155
6623: 1 1154
6624: 1 1153
6625: 1 1152
6626: 1 1151
6630: 1 10 114 1140
6631: 1 1146
6632: 1 12 166 1145
6633: 1 11 104 1144
6634: 1 1143
6635: 1 13 153 1142
6636: 1 14 15 16 126 133 142 1141
6640: 1 10 113 1130
6641: 1 13 152 1136
6642: 1 1135
6643: 1 14 141 1134
6644: 1 11 12 15 103 132 165 1133
6645: 1 16 125 1132
6646: 1 1131
6650: 1 10 14 112 140 1120
6651: 1 1126
6652: 1 15 131 1125
6653: 1 1124
6654: 1 13 16 124 151 1123
6655: 1 11 102 1122
6656: 1 12 164 1121
6660: 1 10 13 15 111 130 150 1110
6661: 1 12 163 1116
6662: 1 1115
6663: 1 16 123 1114
6664: 1 14 146 1113
6665: 1 1112
6666: 1 11 101 1111
