000 002 001 020 022 021 010 012 011 200 202 201 220 222 221 210 212 211 100 102 101 120 122 121 110 112 111
001 000 002 021 020 022 011 010 012 201 200 202 221 220 222 211 210 212 101 100 102 121 120 122 111 110 112
002 001 000 022 021 020 012 011 010 202 201 200 222 221 220 212 211 210 102 101 100 122 121 120 112 111 110
010 012 011 000 002 001 020 022 021 210 212 211 200 202 201 220 222 221 110 112 111 100 102 101 120 122 121
011 010 012 001 000 002 021 020 022 211 210 212 201 200 202 221 220 222 111 110 112 101 100 102 121 120 122
012 011 010 002 001 000 022 021 020 212 211 210 202 201 200 222 221 220 112 111 110 102 101 100 122 121 120
020 022 021 010 012 011 000 002 001 220 222 221 210 212 211 200 202 201 120 122 121 110 112 111 100 102 101
021 020 022 011 010 012 001 000 002 221 220 222 211 210 212 201 200 202 121 120 122 111 110 112 101 100 102
022 021 020 012 011 010 002 001 000 222 221 220 212 211 210 202 201 200 122 121 120 112 111 110 102 101 100
100 102 101 120 122 121 110 112 111 000 002 001 020 022 021 010 012 011 200 202 201 220 222 221 210 212 211
101 100 102 121 120 122 111 110 112 001 000 002 021 020 022 011 010 012 201 200 202 221 220 222 211 210 212
102 101 100 122 121 120 112 111 110 002 001 000 022 021 020 012 011 010 202 201 200 222 221 220 212 211 210
110 112 111 100 102 101 120 122 121 010 012 011 000 002 001 020 022 021 210 212 211 200 202 201 220 222 221
111 110 112 101 100 102 121 120 122 011 010 012 001 000 002 021 020 022 211 210 212 201 200 202 221 220 222
112 111 110 102 101 100 122 121 120 012 011 010 002 001 000 022 021 020 212 211 210 202 201 200 222 221 220
120 122 121 110 112 111 100 102 101 020 022 021 010 012 011 000 002 001 220 222 221 210 212 211 200 202 201
121 120 122 111 110 112 101 100 102 021 020 022 011 010 012 001 000 002 221 220 222 211 210 212 201 200 202
122 121 120 112 111 110 102 101 100 022 021 020 012 011 010 002 001 000 222 221 220 212 211 210 202 201 200
200 202 201 220 222 221 210 212 211 100 102 101 120 122 121 110 112 111 000 002 001 020 022 021 010 012 011
201 200 202 221 220 222 211 210 212 101 100 102 121 120 122 111 110 112 001 000 002 021 020 022 011 010 012
202 201 200 222 221 220 212 211 210 102 101 100 122 121 120 112 111 110 002 001 000 022 021 020 012 011 010
210 212 211 200 202 201 220 222 221 110 112 111 100 102 101 120 122 121 010 012 011 000 002 001 020 022 021
211 210 212 201 200 202 221 220 222 111 110 112 101 100 102 121 120 122 011 010 012 001 000 002 021 020 022
212 211 210 202 201 200 222 221 220 112 111 110 102 101 100 122 121 120 012 011 010 002 001 000 022 021 020
220 222 221 210 212 211 200 202 201 120 122 121 110 112 111 100 102 101 020 022 021 010 012 011 000 002 001
221 220 222 211 210 212 201 200 202 121 120 122 111 110 112 101 100 102 021 020 022 011 010 012 001 000 002
222 221 220 212 211 210 202 201 200 122 121 120 112 111 110 102 101 100 022 021 020 012 011 010 002 001 000
