f = 1.3.0+1.0.3+1.0.0
F = 1.3.0.0+1.0.3.0+1.0.0.3

q=2 n=1      q=2 n=2      q=2 n=3      q=2 n=4    
Aff: Proj:   Aff: Proj:   Aff: Proj:   Aff: Proj:
0 1  0 1 1   0 1  0 1 1   0 1  0 1 1   0 1  0 1 1
1 0  1 0 1   0 2  0 2 1   1 0  1 0 1   0 6  0 6 1
     1 1 0   0 3  0 3 1                0 7  0 7 1
                          2 7  2 7 1
             1 0  1 0 1   4 3  4 3 1   1 0  1 0 1
             2 0  2 0 1   6 5  6 5 1   6 0  6 0 1
             3 0  3 0 1                7 0  7 0 1
                          3 4  3 4 1
                  1 1 0   5 6  5 6 1        1 1 0
                  2 1 0   7 2  7 2 1        6 1 0
                  3 1 0                     7 1 0
                               1 1 0
