1 = 1
2 = 2
3 = 3
4 = 4
5 = 5
6 = 6
10 = 10
11 = 11
12 = 12
13 = 13
14 = 14
15 = 15
16 = 16
20 = 2 10
21 = 2 14
22 = 2 11
23 = 2 15
24 = 2 12
25 = 2 16
26 = 2 13
30 = 3 10
31 = 3 15
32 = 3 13
33 = 3 11
34 = 3 16
35 = 3 14
36 = 3 12
40 = 4 10
41 = 4 12
42 = 4 14
43 = 4 16
44 = 4 11
45 = 4 13
46 = 4 15
50 = 5 10
51 = 5 13
52 = 5 16
53 = 5 12
54 = 5 15
55 = 5 11
56 = 5 14
60 = 6 10
61 = 6 16
62 = 6 15
63 = 6 14
64 = 6 13
65 = 6 12
66 = 6 11
100 = 10^2
101 = 101
102 = 102
103 = 12 15
104 = 104
105 = 13 14
106 = 11 16
110 = 10 11
111 = 13 15
112 = 14^2
113 = 113
114 = 114
115 = 12 16
116 = 116
120 = 10 12
121 = 11^2
122 = 122
123 = 123
124 = 13 16
125 = 125
126 = 14 15
130 = 10 13
131 = 131
132 = 11 12
133 = 14 16
134 = 15^2
135 = 135
136 = 136
140 = 10 14
141 = 141
142 = 15 16
143 = 11 13
144 = 12^2
145 = 145
146 = 146
150 = 10 15
151 = 16^2
152 = 152
153 = 153
154 = 11 14
155 = 155
156 = 12 13
160 = 10 16
161 = 12 14
162 = 13^2
163 = 163
164 = 164
165 = 11 15
166 = 166
200 = 2 10^2
201 = 2 104
202 = 2 101
203 = 2 13 14
204 = 2 102
205 = 2 11 16
206 = 2 12 15
210 = 2 10 14
211 = 2 12^2
212 = 2 141
213 = 2 145
214 = 2 15 16
215 = 2 146
216 = 2 11 13
220 = 2 10 11
221 = 2 114
222 = 2 13 15
223 = 2 12 16
224 = 2 14^2
225 = 2 116
226 = 2 113
230 = 2 10 15
231 = 2 11 14
232 = 2 16^2
233 = 2 155
234 = 2 152
235 = 2 12 13
236 = 2 153
240 = 2 10 12
241 = 2 13 16
242 = 2 11^2
243 = 2 125
244 = 2 122
245 = 2 14 15
246 = 2 123
250 = 2 10 16
251 = 2 164
252 = 2 12 14
253 = 2 11 15
254 = 2 13^2
255 = 2 166
256 = 2 163
260 = 2 10 13
261 = 2 15^2
262 = 2 131
263 = 2 135
264 = 2 11 12
265 = 2 136
266 = 2 14 16
300 = 3 10^2
301 = 3 13 14
302 = 3 12 15
303 = 3 101
304 = 3 11 16
305 = 3 104
306 = 3 102
310 = 3 10 15
311 = 3 155
312 = 3 153
313 = 3 16^2
314 = 3 12 13
315 = 3 11 14
316 = 3 152
320 = 3 10 13
321 = 3 135
322 = 3 14 16
323 = 3 131
324 = 3 136
325 = 3 15^2
326 = 3 11 12
330 = 3 10 11
331 = 3 12 16
332 = 3 113
333 = 3 13 15
334 = 3 116
335 = 3 114
336 = 3 14^2
340 = 3 10 16
341 = 3 11 15
342 = 3 163
343 = 3 12 14
344 = 3 166
345 = 3 164
346 = 3 13^2
350 = 3 10 14
351 = 3 145
352 = 3 11 13
353 = 3 141
354 = 3 146
355 = 3 12^2
356 = 3 15 16
360 = 3 10 12
361 = 3 125
362 = 3 123
363 = 3 11^2
364 = 3 14 15
365 = 3 13 16
366 = 3 122
400 = 4 10^2
401 = 4 102
402 = 4 104
403 = 4 11 16
404 = 4 101
405 = 4 12 15
406 = 4 13 14
410 = 4 10 12
411 = 4 122
412 = 4 13 16
413 = 4 14 15
414 = 4 11^2
415 = 4 123
416 = 4 125
420 = 4 10 14
421 = 4 15 16
422 = 4 12^2
423 = 4 146
424 = 4 141
425 = 4 11 13
426 = 4 145
430 = 4 10 16
431 = 4 13^2
432 = 4 164
433 = 4 166
434 = 4 12 14
435 = 4 163
436 = 4 11 15
440 = 4 10 11
441 = 4 14^2
442 = 4 114
443 = 4 116
444 = 4 13 15
445 = 4 113
446 = 4 12 16
450 = 4 10 13
451 = 4 11 12
452 = 4 15^2
453 = 4 136
454 = 4 131
455 = 4 14 16
456 = 4 135
460 = 4 10 15
461 = 4 152
462 = 4 11 14
463 = 4 12 13
464 = 4 16^2
465 = 4 153
466 = 4 155
500 = 5 10^2
501 = 5 12 15
502 = 5 11 16
503 = 5 102
504 = 5 13 14
505 = 5 101
506 = 5 104
510 = 5 10 13
511 = 5 14 16
512 = 5 136
513 = 5 11 12
514 = 5 135
515 = 5 131
516 = 5 15^2
520 = 5 10 16
521 = 5 163
522 = 5 166
523 = 5 13^2
524 = 5 11 15
525 = 5 12 14
526 = 5 164
530 = 5 10 12
531 = 5 123
532 = 5 14 15
533 = 5 122
534 = 5 125
535 = 5 11^2
536 = 5 13 16
540 = 5 10 15
541 = 5 153
542 = 5 12 13
543 = 5 152
544 = 5 155
545 = 5 16^2
546 = 5 11 14
550 = 5 10 11
551 = 5 113
552 = 5 116
553 = 5 14^2
554 = 5 12 16
555 = 5 13 15
556 = 5 114
560 = 5 10 14
561 = 5 11 13
562 = 5 146
563 = 5 15 16
564 = 5 145
565 = 5 141
566 = 5 12^2
600 = 6 10^2
601 = 6 11 16
602 = 6 13 14
603 = 6 104
604 = 6 12 15
605 = 6 102
606 = 6 101
610 = 6 10 16
611 = 6 166
612 = 6 11 15
613 = 6 164
614 = 6 163
615 = 6 13^2
616 = 6 12 14
620 = 6 10 15
621 = 6 12 13
622 = 6 155
623 = 6 11 14
624 = 6 153
625 = 6 152
626 = 6 16^2
630 = 6 10 14
631 = 6 146
632 = 6 145
633 = 6 12^2
634 = 6 11 13
635 = 6 15 16
636 = 6 141
640 = 6 10 13
641 = 6 136
642 = 6 135
643 = 6 15^2
644 = 6 14 16
645 = 6 11 12
646 = 6 131
650 = 6 10 12
651 = 6 14 15
652 = 6 125
653 = 6 13 16
654 = 6 123
655 = 6 122
656 = 6 11^2
660 = 6 10 11
661 = 6 116
662 = 6 12 16
663 = 6 114
664 = 6 113
665 = 6 14^2
666 = 6 13 15
1000 = 10^3
1001 = 11 12 14
1002 = 1002
1003 = 1003
1004 = 1004
1005 = 1005
1006 = 13 15 16
1010 = 10 101
1011 = 1011
1012 = 11 13^2
1013 = 12 155
1014 = 15 125
1015 = 14^2 16
1016 = 1016
1020 = 10 102
1021 = 1021
1022 = 14 15^2
1023 = 11 163
1024 = 16 113
1025 = 12^2 13
1026 = 1026
1030 = 10 12 15
1031 = 13 145
1032 = 1032
1033 = 16 114
1034 = 11 164
1035 = 1035
1036 = 14 135
1040 = 10 104
1041 = 1041
1042 = 12 16^2
1043 = 14 136
1044 = 13 146
1045 = 11^2 15
1046 = 1046
1050 = 10 13 14
1051 = 16 116
1052 = 1052
1053 = 15 122
1054 = 12 152
1055 = 1055
1056 = 11 166
1060 = 10 11 16
1061 = 15 123
1062 = 1062
1063 = 13 141
1064 = 14 131
1065 = 1065
1066 = 12 153
1100 = 10^2 11
1101 = 1101
1102 = 15 136
1103 = 1103
1104 = 12 13^2
1105 = 16 122
1106 = 14 145
1110 = 10 13 15
1111 = 11 101
1112 = 1112
1113 = 14 146
1114 = 16 123
1115 = 1115
1116 = 12 163
1120 = 10 14^2
1121 = 12 164
1122 = 11 102
1123 = 13 16^2
1124 = 1124
1125 = 15 131
1126 = 1126
1130 = 10 113
1131 = 1131
1132 = 16 125
1133 = 11 12 15
1134 = 14 141
1135 = 1135
1136 = 13 152
1140 = 10 114
1141 = 14 15 16
1142 = 13 153
1143 = 1143
1144 = 11 104
1145 = 12 166
1146 = 1146
1150 = 10 12 16
1151 = 1151
1152 = 1152
1153 = 1153
1154 = 1154
1155 = 11 13 14
1156 = 15^3
1160 = 10 116
1161 = 13 155
1162 = 12^2 14
1163 = 1163
1164 = 15 135
1165 = 1165
1166 = 11^2 16
1200 = 10^2 12
1201 = 1201
1202 = 13 163
1203 = 1203
1204 = 14 16^2
1205 = 15 141
1206 = 11 116
1210 = 10 11^2
1211 = 14 152
1212 = 12 101
1213 = 15^2 16
1214 = 1214
1215 = 13 164
1216 = 1216
1220 = 10 122
1221 = 11 13 15
1222 = 16 135
1223 = 1223
1224 = 12 102
1225 = 14 153
1226 = 1226
1230 = 10 123
1231 = 16 136
1232 = 11 14^2
1233 = 1233
1234 = 13 166
1235 = 1235
1236 = 12^2 15
1240 = 10 13 16
1241 = 12 104
1242 = 1242
1243 = 11 113
1244 = 15 145
1245 = 1245
1246 = 14 155
1250 = 10 125
1251 = 1251
1252 = 15 146
1253 = 12 13 14
1254 = 11 114
1255 = 1255
1256 = 16 131
1260 = 10 14 15
1261 = 1261
1262 = 1262
1263 = 1263
1264 = 1264
1265 = 11 12 16
1266 = 13^3
1300 = 10^2 13
1301 = 15 153
1302 = 14 164
1303 = 12^2 16
1304 = 1304
1305 = 11 125
1306 = 1306
1310 = 10 131
1311 = 1311
1312 = 16 145
1313 = 13 101
1314 = 1314
1315 = 12 116
1316 = 11 14 15
1320 = 10 11 12
1321 = 16 146
1322 = 1322
1323 = 14 166
1324 = 15 155
1325 = 1325
1326 = 13 102
1330 = 10 14 16
1331 = 11^3
1332 = 12 13 15
1333 = 1333
1334 = 1334
1335 = 1335
1336 = 1336
1340 = 10 15^2
1341 = 1341
1342 = 11 122
1343 = 1343
1344 = 12 14^2
1345 = 13 104
1346 = 16 141
1350 = 10 135
1351 = 13^2 14
1352 = 1352
1353 = 11 123
1354 = 1354
1355 = 15 16^2
1356 = 12 113
1360 = 10 136
1361 = 12 114
1362 = 1362
1363 = 15 152
1364 = 11 13 16
1365 = 14 163
1366 = 1366
1400 = 10^2 14
1401 = 1401
1402 = 16 155
1403 = 1403
1404 = 11 15^2
1405 = 13 114
1406 = 12 123
1410 = 10 141
1411 = 12 13 16
1412 = 15 166
1413 = 1413
1414 = 14 101
1415 = 11 135
1416 = 1416
1420 = 10 15 16
1421 = 14 102
1422 = 1422
1423 = 12 125
1424 = 13 116
1425 = 1425
1426 = 11 136
1430 = 10 11 13
1431 = 1431
1432 = 1432
1433 = 1433
1434 = 1434
1435 = 12 14 15
1436 = 16^3
1440 = 10 12^2
1441 = 11 131
1442 = 14 104
1443 = 13^2 15
1444 = 1444
1445 = 16 152
1446 = 1446
1450 = 10 145
1451 = 15 163
1452 = 11^2 12
1453 = 1453
1454 = 16 153
1455 = 1455
1456 = 13 14^2
1460 = 10 146
1461 = 1461
1462 = 13 113
1463 = 11 14 16
1464 = 12 122
1465 = 1465
1466 = 15 164
1500 = 10^2 15
1501 = 16 166
1502 = 12 131
1503 = 11^2 13
1504 = 1504
1505 = 14 113
1506 = 1506
1510 = 10 16^2
1511 = 1511
1512 = 14 114
1513 = 1513
1514 = 11 12^2
1515 = 15 101
1516 = 13 122
1520 = 10 152
1521 = 1521
1522 = 13 123
1523 = 15 102
1524 = 1524
1525 = 11 145
1526 = 12 14 16
1530 = 10 153
1531 = 12 15^2
1532 = 1532
1533 = 14 116
1534 = 1534
1535 = 13^2 16
1536 = 11 146
1540 = 10 11 14
1541 = 13 125
1542 = 1542
1543 = 12 135
1544 = 16 163
1545 = 1545
1546 = 15 104
1550 = 10 155
1551 = 11 141
1552 = 1552
1553 = 16 164
1554 = 13 14 15
1555 = 12 136
1556 = 1556
1560 = 10 12 13
1561 = 14^3
1562 = 11 15 16
1563 = 1563
1564 = 1564
1565 = 1565
1566 = 1566
1600 = 10^2 16
1601 = 13 135
1602 = 11 152
1603 = 14^2 15
1604 = 1604
1605 = 12 146
1606 = 1606
1610 = 10 12 14
1611 = 15 113
1612 = 1612
1613 = 11 153
1614 = 13 136
1615 = 1615
1616 = 16 101
1620 = 10 13^2
1621 = 1621
1622 = 12 141
1623 = 1623
1624 = 11^2 14
1625 = 16 102
1626 = 15 114
1630 = 10 163
1631 = 14 122
1632 = 1632
1633 = 13 131
1634 = 12 15 16
1635 = 11 155
1636 = 1636
1640 = 10 164
1641 = 1641
1642 = 15 116
1643 = 16 104
1644 = 1644
1645 = 14 123
1646 = 11 12 13
1650 = 10 11 15
1651 = 12^3
1652 = 13 14 16
1653 = 1653
1654 = 1654
1655 = 1655
1656 = 1656
1660 = 10 166
1661 = 11 16^2
1662 = 1662
1663 = 12 145
1664 = 1664
1665 = 13 15^2
1666 = 14 125
2000 = 2 10^3
2001 = 2 1004
2002 = 2 11 12 14
2003 = 2 1005
2004 = 2 1002
2005 = 2 13 15 16
2006 = 2 1003
2010 = 2 10 104
2011 = 2 13 146
2012 = 2 1041
2013 = 2 11^2 15
2014 = 2 12 16^2
2015 = 2 1046
2016 = 2 14 136
2020 = 2 10 101
2021 = 2 15 125
2022 = 2 1011
2023 = 2 14^2 16
2024 = 2 11 13^2
2025 = 2 1016
2026 = 2 12 155
2030 = 2 10 13 14
2031 = 2 12 152
2032 = 2 16 116
2033 = 2 1055
2034 = 2 1052
2035 = 2 11 166
2036 = 2 15 122
2040 = 2 10 102
2041 = 2 16 113
2042 = 2 1021
2043 = 2 12^2 13
2044 = 2 14 15^2
2045 = 2 1026
2046 = 2 11 163
2050 = 2 10 11 16
2051 = 2 14 131
2052 = 2 15 123
2053 = 2 1065
2054 = 2 1062
2055 = 2 12 153
2056 = 2 13 141
2060 = 2 10 12 15
2061 = 2 11 164
2062 = 2 13 145
2063 = 2 1035
2064 = 2 1032
2065 = 2 14 135
2066 = 2 16 114
2100 = 2 10^2 14
2101 = 2 11 15^2
2102 = 2 1401
2103 = 2 13 114
2104 = 2 16 155
2105 = 2 12 123
2106 = 2 1403
2110 = 2 10 12^2
2111 = 2 1444
2112 = 2 11 131
2113 = 2 16 152
2114 = 2 14 104
2115 = 2 1446
2116 = 2 13^2 15
2120 = 2 10 141
2121 = 2 14 101
2122 = 2 12 13 16
2123 = 2 11 135
2124 = 2 15 166
2125 = 2 1416
2126 = 2 1413
2130 = 2 10 145
2131 = 2 16 153
2132 = 2 15 163
2133 = 2 1455
2134 = 2 11^2 12
2135 = 2 13 14^2
2136 = 2 1453
2140 = 2 10 15 16
2141 = 2 13 116
2142 = 2 14 102
2143 = 2 1425
2144 = 2 1422
2145 = 2 11 136
2146 = 2 12 125
2150 = 2 10 146
2151 = 2 12 122
2152 = 2 1461
2153 = 2 1465
2154 = 2 13 113
2155 = 2 15 164
2156 = 2 11 14 16
2160 = 2 10 11 13
2161 = 2 1434
2162 = 2 1431
2163 = 2 12 14 15
2164 = 2 1432
2165 = 2 16^3
2166 = 2 1433
2200 = 2 10^2 11
2201 = 2 12 13^2
2202 = 2 1101
2203 = 2 16 122
2204 = 2 15 136
2205 = 2 14 145
2206 = 2 1103
2210 = 2 10 114
2211 = 2 11 104
2212 = 2 14 15 16
2213 = 2 12 166
2214 = 2 13 153
2215 = 2 1146
2216 = 2 1143
2220 = 2 10 13 15
2221 = 2 16 123
2222 = 2 11 101
2223 = 2 1115
2224 = 2 1112
2225 = 2 12 163
2226 = 2 14 146
2230 = 2 10 12 16
2231 = 2 1154
2232 = 2 1151
2233 = 2 11 13 14
2234 = 2 1152
2235 = 2 15^3
2236 = 2 1153
2240 = 2 10 14^2
2241 = 2 1124
2242 = 2 12 164
2243 = 2 15 131
2244 = 2 11 102
2245 = 2 1126
2246 = 2 13 16^2
2250 = 2 10 116
2251 = 2 15 135
2252 = 2 13 155
2253 = 2 1165
2254 = 2 12^2 14
2255 = 2 11^2 16
2256 = 2 1163
2260 = 2 10 113
2261 = 2 14 141
2262 = 2 1131
2263 = 2 1135
2264 = 2 16 125
2265 = 2 13 152
2266 = 2 11 12 15
2300 = 2 10^2 15
2301 = 2 1504
2302 = 2 16 166
2303 = 2 14 113
2304 = 2 12 131
2305 = 2 1506
2306 = 2 11^2 13
2310 = 2 10 11 14
2311 = 2 16 163
2312 = 2 13 125
2313 = 2 1545
2314 = 2 1542
2315 = 2 15 104
2316 = 2 12 135
2320 = 2 10 16^2
2321 = 2 11 12^2
2322 = 2 1511
2323 = 2 15 101
2324 = 2 14 114
2325 = 2 13 122
2326 = 2 1513
2330 = 2 10 155
2331 = 2 13 14 15
2332 = 2 11 141
2333 = 2 12 136
2334 = 2 1552
2335 = 2 1556
2336 = 2 16 164
2340 = 2 10 152
2341 = 2 1524
2342 = 2 1521
2343 = 2 11 145
2344 = 2 13 123
2345 = 2 12 14 16
2346 = 2 15 102
2350 = 2 10 12 13
2351 = 2 1564
2352 = 2 14^3
2353 = 2 1565
2354 = 2 11 15 16
2355 = 2 1566
2356 = 2 1563
2360 = 2 10 153
2361 = 2 1534
2362 = 2 12 15^2
2363 = 2 13^2 16
2364 = 2 1532
2365 = 2 11 146
2366 = 2 14 116
2400 = 2 10^2 12
2401 = 2 14 16^2
2402 = 2 1201
2403 = 2 15 141
2404 = 2 13 163
2405 = 2 11 116
2406 = 2 1203
2410 = 2 10 13 16
2411 = 2 15 145
2412 = 2 12 104
2413 = 2 1245
2414 = 2 1242
2415 = 2 14 155
2416 = 2 11 113
2420 = 2 10 11^2
2421 = 2 1214
2422 = 2 14 152
2423 = 2 13 164
2424 = 2 12 101
2425 = 2 1216
2426 = 2 15^2 16
2430 = 2 10 125
2431 = 2 11 114
2432 = 2 1251
2433 = 2 1255
2434 = 2 15 146
2435 = 2 16 131
2436 = 2 12 13 14
2440 = 2 10 122
2441 = 2 12 102
2442 = 2 11 13 15
2443 = 2 14 153
2444 = 2 16 135
2445 = 2 1226
2446 = 2 1223
2450 = 2 10 14 15
2451 = 2 1264
2452 = 2 1261
2453 = 2 11 12 16
2454 = 2 1262
2455 = 2 13^3
2456 = 2 1263
2460 = 2 10 123
2461 = 2 13 166
2462 = 2 16 136
2463 = 2 1235
2464 = 2 11 14^2
2465 = 2 12^2 15
2466 = 2 1233
2500 = 2 10^2 16
2501 = 2 1604
2502 = 2 13 135
2503 = 2 12 146
2504 = 2 11 152
2505 = 2 1606
2506 = 2 14^2 15
2510 = 2 10 164
2511 = 2 1644
2512 = 2 1641
2513 = 2 14 123
2514 = 2 15 116
2515 = 2 11 12 13
2516 = 2 16 104
2520 = 2 10 12 14
2521 = 2 13 136
2522 = 2 15 113
2523 = 2 1615
2524 = 2 1612
2525 = 2 16 101
2526 = 2 11 153
2530 = 2 10 11 15
2531 = 2 1654
2532 = 2 12^3
2533 = 2 1655
2534 = 2 13 14 16
2535 = 2 1656
2536 = 2 1653
2540 = 2 10 13^2
2541 = 2 11^2 14
2542 = 2 1621
2543 = 2 16 102
2544 = 2 12 141
2545 = 2 15 114
2546 = 2 1623
2550 = 2 10 166
2551 = 2 1664
2552 = 2 11 16^2
2553 = 2 13 15^2
2554 = 2 1662
2555 = 2 14 125
2556 = 2 12 145
2560 = 2 10 163
2561 = 2 12 15 16
2562 = 2 14 122
2563 = 2 11 155
2564 = 2 1632
2565 = 2 1636
2566 = 2 13 131
2600 = 2 10^2 13
2601 = 2 1304
2602 = 2 15 153
2603 = 2 11 125
2604 = 2 14 164
2605 = 2 1306
2606 = 2 12^2 16
2610 = 2 10 15^2
2611 = 2 12 14^2
2612 = 2 1341
2613 = 2 13 104
2614 = 2 11 122
2615 = 2 16 141
2616 = 2 1343
2620 = 2 10 131
2621 = 2 1314
2622 = 2 1311
2623 = 2 12 116
2624 = 2 16 145
2625 = 2 11 14 15
2626 = 2 13 101
2630 = 2 10 135
2631 = 2 1354
2632 = 2 13^2 14
2633 = 2 15 16^2
2634 = 2 1352
2635 = 2 12 113
2636 = 2 11 123
2640 = 2 10 11 12
2641 = 2 15 155
2642 = 2 16 146
2643 = 2 1325
2644 = 2 1322
2645 = 2 13 102
2646 = 2 14 166
2650 = 2 10 136
2651 = 2 11 13 16
2652 = 2 12 114
2653 = 2 14 163
2654 = 2 1362
2655 = 2 1366
2656 = 2 15 152
2660 = 2 10 14 16
2661 = 2 1334
2662 = 2 11^3
2663 = 2 1335
2664 = 2 12 13 15
2665 = 2 1336
2666 = 2 1333
3000 = 3 10^3
3001 = 3 1005
3002 = 3 1003
3003 = 3 11 12 14
3004 = 3 13 15 16
3005 = 3 1004
3006 = 3 1002
3010 = 3 10 13 14
3011 = 3 1055
3012 = 3 15 122
3013 = 3 16 116
3014 = 3 11 166
3015 = 3 12 152
3016 = 3 1052
3020 = 3 10 12 15
3021 = 3 1035
3022 = 3 16 114
3023 = 3 13 145
3024 = 3 14 135
3025 = 3 11 164
3026 = 3 1032
3030 = 3 10 101
3031 = 3 14^2 16
3032 = 3 12 155
3033 = 3 1011
3034 = 3 1016
3035 = 3 15 125
3036 = 3 11 13^2
3040 = 3 10 11 16
3041 = 3 1065
3042 = 3 13 141
3043 = 3 15 123
3044 = 3 12 153
3045 = 3 14 131
3046 = 3 1062
3050 = 3 10 104
3051 = 3 11^2 15
3052 = 3 14 136
3053 = 3 1041
3054 = 3 1046
3055 = 3 13 146
3056 = 3 12 16^2
3060 = 3 10 102
3061 = 3 12^2 13
3062 = 3 11 163
3063 = 3 1021
3064 = 3 1026
3065 = 3 16 113
3066 = 3 14 15^2
3100 = 3 10^2 15
3101 = 3 14 113
3102 = 3 11^2 13
3103 = 3 16 166
3104 = 3 1506
3105 = 3 1504
3106 = 3 12 131
3110 = 3 10 155
3111 = 3 12 136
3112 = 3 16 164
3113 = 3 11 141
3114 = 3 1556
3115 = 3 13 14 15
3116 = 3 1552
3120 = 3 10 153
3121 = 3 13^2 16
3122 = 3 14 116
3123 = 3 12 15^2
3124 = 3 11 146
3125 = 3 1534
3126 = 3 1532
3130 = 3 10 16^2
3131 = 3 15 101
3132 = 3 1513
3133 = 3 1511
3134 = 3 13 122
3135 = 3 11 12^2
3136 = 3 14 114
3140 = 3 10 12 13
3141 = 3 1565
3142 = 3 1563
3143 = 3 14^3
3144 = 3 1566
3145 = 3 1564
3146 = 3 11 15 16
3150 = 3 10 11 14
3151 = 3 1545
3152 = 3 12 135
3153 = 3 13 125
3154 = 3 15 104
3155 = 3 16 163
3156 = 3 1542
3160 = 3 10 152
3161 = 3 11 145
3162 = 3 15 102
3163 = 3 1521
3164 = 3 12 14 16
3165 = 3 1524
3166 = 3 13 123
3200 = 3 10^2 13
3201 = 3 11 125
3202 = 3 12^2 16
3203 = 3 15 153
3204 = 3 1306
3205 = 3 1304
3206 = 3 14 164
3210 = 3 10 135
3211 = 3 15 16^2
3212 = 3 11 123
3213 = 3 13^2 14
3214 = 3 12 113
3215 = 3 1354
3216 = 3 1352
3220 = 3 10 14 16
3221 = 3 1335
3222 = 3 1333
3223 = 3 11^3
3224 = 3 1336
3225 = 3 1334
3226 = 3 12 13 15
3230 = 3 10 131
3231 = 3 12 116
3232 = 3 13 101
3233 = 3 1311
3234 = 3 11 14 15
3235 = 3 1314
3236 = 3 16 145
3240 = 3 10 136
3241 = 3 14 163
3242 = 3 15 152
3243 = 3 12 114
3244 = 3 1366
3245 = 3 11 13 16
3246 = 3 1362
3250 = 3 10 15^2
3251 = 3 13 104
3252 = 3 1343
3253 = 3 1341
3254 = 3 16 141
3255 = 3 12 14^2
3256 = 3 11 122
3260 = 3 10 11 12
3261 = 3 1325
3262 = 3 14 166
3263 = 3 16 146
3264 = 3 13 102
3265 = 3 15 155
3266 = 3 1322
3300 = 3 10^2 11
3301 = 3 16 122
3302 = 3 1103
3303 = 3 1101
3304 = 3 14 145
3305 = 3 12 13^2
3306 = 3 15 136
3310 = 3 10 12 16
3311 = 3 11 13 14
3312 = 3 1153
3313 = 3 1151
3314 = 3 15^3
3315 = 3 1154
3316 = 3 1152
3320 = 3 10 113
3321 = 3 1135
3322 = 3 11 12 15
3323 = 3 1131
3324 = 3 13 152
3325 = 3 14 141
3326 = 3 16 125
3330 = 3 10 13 15
3331 = 3 1115
3332 = 3 14 146
3333 = 3 11 101
3334 = 3 12 163
3335 = 3 16 123
3336 = 3 1112
3340 = 3 10 116
3341 = 3 1165
3342 = 3 1163
3343 = 3 13 155
3344 = 3 11^2 16
3345 = 3 15 135
3346 = 3 12^2 14
3350 = 3 10 114
3351 = 3 12 166
3352 = 3 1143
3353 = 3 14 15 16
3354 = 3 1146
3355 = 3 11 104
3356 = 3 13 153
3360 = 3 10 14^2
3361 = 3 15 131
3362 = 3 13 16^2
3363 = 3 12 164
3364 = 3 1126
3365 = 3 1124
3366 = 3 11 102
3400 = 3 10^2 16
3401 = 3 12 146
3402 = 3 14^2 15
3403 = 3 13 135
3404 = 3 1606
3405 = 3 1604
3406 = 3 11 152
3410 = 3 10 11 15
3411 = 3 1655
3412 = 3 1653
3413 = 3 12^3
3414 = 3 1656
3415 = 3 1654
3416 = 3 13 14 16
3420 = 3 10 163
3421 = 3 11 155
3422 = 3 13 131
3423 = 3 14 122
3424 = 3 1636
3425 = 3 12 15 16
3426 = 3 1632
3430 = 3 10 12 14
3431 = 3 1615
3432 = 3 11 153
3433 = 3 15 113
3434 = 3 16 101
3435 = 3 13 136
3436 = 3 1612
3440 = 3 10 166
3441 = 3 13 15^2
3442 = 3 12 145
3443 = 3 11 16^2
3444 = 3 14 125
3445 = 3 1664
3446 = 3 1662
3450 = 3 10 164
3451 = 3 14 123
3452 = 3 16 104
3453 = 3 1641
3454 = 3 11 12 13
3455 = 3 1644
3456 = 3 15 116
3460 = 3 10 13^2
3461 = 3 16 102
3462 = 3 1623
3463 = 3 1621
3464 = 3 15 114
3465 = 3 11^2 14
3466 = 3 12 141
3500 = 3 10^2 14
3501 = 3 13 114
3502 = 3 1403
3503 = 3 1401
3504 = 3 12 123
3505 = 3 11 15^2
3506 = 3 16 155
3510 = 3 10 145
3511 = 3 1455
3512 = 3 1453
3513 = 3 15 163
3514 = 3 13 14^2
3515 = 3 16 153
3516 = 3 11^2 12
3520 = 3 10 11 13
3521 = 3 12 14 15
3522 = 3 1433
3523 = 3 1431
3524 = 3 16^3
3525 = 3 1434
3526 = 3 1432
3530 = 3 10 141
3531 = 3 11 135
3532 = 3 1413
3533 = 3 12 13 16
3534 = 3 1416
3535 = 3 14 101
3536 = 3 15 166
3540 = 3 10 146
3541 = 3 1465
3542 = 3 11 14 16
3543 = 3 1461
3544 = 3 15 164
3545 = 3 12 122
3546 = 3 13 113
3550 = 3 10 12^2
3551 = 3 16 152
3552 = 3 13^2 15
3553 = 3 11 131
3554 = 3 1446
3555 = 3 1444
3556 = 3 14 104
3560 = 3 10 15 16
3561 = 3 1425
3562 = 3 12 125
3563 = 3 14 102
3564 = 3 11 136
3565 = 3 13 116
3566 = 3 1422
3600 = 3 10^2 12
3601 = 3 15 141
3602 = 3 1203
3603 = 3 1201
3604 = 3 11 116
3605 = 3 14 16^2
3606 = 3 13 163
3610 = 3 10 125
3611 = 3 1255
3612 = 3 12 13 14
3613 = 3 1251
3614 = 3 16 131
3615 = 3 11 114
3616 = 3 15 146
3620 = 3 10 123
3621 = 3 1235
3622 = 3 1233
3623 = 3 16 136
3624 = 3 12^2 15
3625 = 3 13 166
3626 = 3 11 14^2
3630 = 3 10 11^2
3631 = 3 13 164
3632 = 3 15^2 16
3633 = 3 14 152
3634 = 3 1216
3635 = 3 1214
3636 = 3 12 101
3640 = 3 10 14 15
3641 = 3 11 12 16
3642 = 3 1263
3643 = 3 1261
3644 = 3 13^3
3645 = 3 1264
3646 = 3 1262
3650 = 3 10 13 16
3651 = 3 1245
3652 = 3 11 113
3653 = 3 12 104
3654 = 3 14 155
3655 = 3 15 145
3656 = 3 1242
3660 = 3 10 122
3661 = 3 14 153
3662 = 3 1223
3663 = 3 11 13 15
3664 = 3 1226
3665 = 3 12 102
3666 = 3 16 135
4000 = 4 10^3
4001 = 4 1002
4002 = 4 1004
4003 = 4 13 15 16
4004 = 4 11 12 14
4005 = 4 1003
4006 = 4 1005
4010 = 4 10 102
4011 = 4 14 15^2
4012 = 4 16 113
4013 = 4 1026
4014 = 4 1021
4015 = 4 11 163
4016 = 4 12^2 13
4020 = 4 10 104
4021 = 4 12 16^2
4022 = 4 13 146
4023 = 4 1046
4024 = 4 1041
4025 = 4 14 136
4026 = 4 11^2 15
4030 = 4 10 11 16
4031 = 4 1062
4032 = 4 14 131
4033 = 4 12 153
4034 = 4 15 123
4035 = 4 13 141
4036 = 4 1065
4040 = 4 10 101
4041 = 4 11 13^2
4042 = 4 15 125
4043 = 4 1016
4044 = 4 1011
4045 = 4 12 155
4046 = 4 14^2 16
4050 = 4 10 12 15
4051 = 4 1032
4052 = 4 11 164
4053 = 4 14 135
4054 = 4 13 145
4055 = 4 16 114
4056 = 4 1035
4060 = 4 10 13 14
4061 = 4 1052
4062 = 4 12 152
4063 = 4 11 166
4064 = 4 16 116
4065 = 4 15 122
4066 = 4 1055
4100 = 4 10^2 12
4101 = 4 13 163
4102 = 4 14 16^2
4103 = 4 11 116
4104 = 4 1201
4105 = 4 1203
4106 = 4 15 141
4110 = 4 10 122
4111 = 4 16 135
4112 = 4 12 102
4113 = 4 1226
4114 = 4 11 13 15
4115 = 4 1223
4116 = 4 14 153
4120 = 4 10 13 16
4121 = 4 1242
4122 = 4 15 145
4123 = 4 14 155
4124 = 4 12 104
4125 = 4 11 113
4126 = 4 1245
4130 = 4 10 14 15
4131 = 4 1262
4132 = 4 1264
4133 = 4 13^3
4134 = 4 1261
4135 = 4 1263
4136 = 4 11 12 16
4140 = 4 10 11^2
4141 = 4 12 101
4142 = 4 1214
4143 = 4 1216
4144 = 4 14 152
4145 = 4 15^2 16
4146 = 4 13 164
4150 = 4 10 123
4151 = 4 11 14^2
4152 = 4 13 166
4153 = 4 12^2 15
4154 = 4 16 136
4155 = 4 1233
4156 = 4 1235
4160 = 4 10 125
4161 = 4 15 146
4162 = 4 11 114
4163 = 4 16 131
4164 = 4 1251
4165 = 4 12 13 14
4166 = 4 1255
4200 = 4 10^2 14
4201 = 4 16 155
4202 = 4 11 15^2
4203 = 4 12 123
4204 = 4 1401
4205 = 4 1403
4206 = 4 13 114
4210 = 4 10 15 16
4211 = 4 1422
4212 = 4 13 116
4213 = 4 11 136
4214 = 4 14 102
4215 = 4 12 125
4216 = 4 1425
4220 = 4 10 12^2
4221 = 4 14 104
4222 = 4 1444
4223 = 4 1446
4224 = 4 11 131
4225 = 4 13^2 15
4226 = 4 16 152
4230 = 4 10 146
4231 = 4 13 113
4232 = 4 12 122
4233 = 4 15 164
4234 = 4 1461
4235 = 4 11 14 16
4236 = 4 1465
4240 = 4 10 141
4241 = 4 15 166
4242 = 4 14 101
4243 = 4 1416
4244 = 4 12 13 16
4245 = 4 1413
4246 = 4 11 135
4250 = 4 10 11 13
4251 = 4 1432
4252 = 4 1434
4253 = 4 16^3
4254 = 4 1431
4255 = 4 1433
4256 = 4 12 14 15
4260 = 4 10 145
4261 = 4 11^2 12
4262 = 4 16 153
4263 = 4 13 14^2
4264 = 4 15 163
4265 = 4 1453
4266 = 4 1455
4300 = 4 10^2 16
4301 = 4 11 152
4302 = 4 1604
4303 = 4 1606
4304 = 4 13 135
4305 = 4 14^2 15
4306 = 4 12 146
4310 = 4 10 13^2
4311 = 4 12 141
4312 = 4 11^2 14
4313 = 4 15 114
4314 = 4 1621
4315 = 4 1623
4316 = 4 16 102
4320 = 4 10 164
4321 = 4 15 116
4322 = 4 1644
4323 = 4 11 12 13
4324 = 4 1641
4325 = 4 16 104
4326 = 4 14 123
4330 = 4 10 166
4331 = 4 1662
4332 = 4 1664
4333 = 4 14 125
4334 = 4 11 16^2
4335 = 4 12 145
4336 = 4 13 15^2
4340 = 4 10 12 14
4341 = 4 1612
4342 = 4 13 136
4343 = 4 16 101
4344 = 4 15 113
4345 = 4 11 153
4346 = 4 1615
4350 = 4 10 163
4351 = 4 1632
4352 = 4 12 15 16
4353 = 4 1636
4354 = 4 14 122
4355 = 4 13 131
4356 = 4 11 155
4360 = 4 10 11 15
4361 = 4 13 14 16
4362 = 4 1654
4363 = 4 1656
4364 = 4 12^3
4365 = 4 1653
4366 = 4 1655
4400 = 4 10^2 11
4401 = 4 15 136
4402 = 4 12 13^2
4403 = 4 14 145
4404 = 4 1101
4405 = 4 1103
4406 = 4 16 122
4410 = 4 10 14^2
4411 = 4 11 102
4412 = 4 1124
4413 = 4 1126
4414 = 4 12 164
4415 = 4 13 16^2
4416 = 4 15 131
4420 = 4 10 114
4421 = 4 13 153
4422 = 4 11 104
4423 = 4 1146
4424 = 4 14 15 16
4425 = 4 1143
4426 = 4 12 166
4430 = 4 10 116
4431 = 4 12^2 14
4432 = 4 15 135
4433 = 4 11^2 16
4434 = 4 13 155
4435 = 4 1163
4436 = 4 1165
4440 = 4 10 13 15
4441 = 4 1112
4442 = 4 16 123
4443 = 4 12 163
4444 = 4 11 101
4445 = 4 14 146
4446 = 4 1115
4450 = 4 10 113
4451 = 4 16 125
4452 = 4 14 141
4453 = 4 13 152
4454 = 4 1131
4455 = 4 11 12 15
4456 = 4 1135
4460 = 4 10 12 16
4461 = 4 1152
4462 = 4 1154
4463 = 4 15^3
4464 = 4 1151
4465 = 4 1153
4466 = 4 11 13 14
4500 = 4 10^2 13
4501 = 4 14 164
4502 = 4 1304
4503 = 4 1306
4504 = 4 15 153
4505 = 4 12^2 16
4506 = 4 11 125
4510 = 4 10 11 12
4511 = 4 1322
4512 = 4 15 155
4513 = 4 13 102
4514 = 4 16 146
4515 = 4 14 166
4516 = 4 1325
4520 = 4 10 15^2
4521 = 4 11 122
4522 = 4 12 14^2
4523 = 4 16 141
4524 = 4 1341
4525 = 4 1343
4526 = 4 13 104
4530 = 4 10 136
4531 = 4 1362
4532 = 4 11 13 16
4533 = 4 1366
4534 = 4 12 114
4535 = 4 15 152
4536 = 4 14 163
4540 = 4 10 131
4541 = 4 16 145
4542 = 4 1314
4543 = 4 11 14 15
4544 = 4 1311
4545 = 4 13 101
4546 = 4 12 116
4550 = 4 10 14 16
4551 = 4 12 13 15
4552 = 4 1334
4553 = 4 1336
4554 = 4 11^3
4555 = 4 1333
4556 = 4 1335
4560 = 4 10 135
4561 = 4 1352
4562 = 4 1354
4563 = 4 12 113
4564 = 4 13^2 14
4565 = 4 11 123
4566 = 4 15 16^2
4600 = 4 10^2 15
4601 = 4 12 131
4602 = 4 1504
4603 = 4 1506
4604 = 4 16 166
4605 = 4 11^2 13
4606 = 4 14 113
4610 = 4 10 152
4611 = 4 13 123
4612 = 4 1524
4613 = 4 12 14 16
4614 = 4 1521
4615 = 4 15 102
4616 = 4 11 145
4620 = 4 10 11 14
4621 = 4 1542
4622 = 4 16 163
4623 = 4 15 104
4624 = 4 13 125
4625 = 4 12 135
4626 = 4 1545
4630 = 4 10 12 13
4631 = 4 11 15 16
4632 = 4 1564
4633 = 4 1566
4634 = 4 14^3
4635 = 4 1563
4636 = 4 1565
4640 = 4 10 16^2
4641 = 4 14 114
4642 = 4 11 12^2
4643 = 4 13 122
4644 = 4 1511
4645 = 4 1513
4646 = 4 15 101
4650 = 4 10 153
4651 = 4 1532
4652 = 4 1534
4653 = 4 11 146
4654 = 4 12 15^2
4655 = 4 14 116
4656 = 4 13^2 16
4660 = 4 10 155
4661 = 4 1552
4662 = 4 13 14 15
4663 = 4 1556
4664 = 4 11 141
4665 = 4 16 164
4666 = 4 12 136
5000 = 5 10^3
5001 = 5 1003
5002 = 5 13 15 16
5003 = 5 1002
5004 = 5 1005
5005 = 5 11 12 14
5006 = 5 1004
5010 = 5 10 12 15
5011 = 5 16 114
5012 = 5 14 135
5013 = 5 1032
5014 = 5 1035
5015 = 5 13 145
5016 = 5 11 164
5020 = 5 10 11 16
5021 = 5 13 141
5022 = 5 12 153
5023 = 5 1062
5024 = 5 1065
5025 = 5 15 123
5026 = 5 14 131
5030 = 5 10 102
5031 = 5 11 163
5032 = 5 1026
5033 = 5 14 15^2
5034 = 5 12^2 13
5035 = 5 1021
5036 = 5 16 113
5040 = 5 10 13 14
5041 = 5 15 122
5042 = 5 11 166
5043 = 5 1052
5044 = 5 1055
5045 = 5 16 116
5046 = 5 12 152
5050 = 5 10 101
5051 = 5 12 155
5052 = 5 1016
5053 = 5 11 13^2
5054 = 5 14^2 16
5055 = 5 1011
5056 = 5 15 125
5060 = 5 10 104
5061 = 5 14 136
5062 = 5 1046
5063 = 5 12 16^2
5064 = 5 11^2 15
5065 = 5 1041
5066 = 5 13 146
5100 = 5 10^2 13
5101 = 5 12^2 16
5102 = 5 1306
5103 = 5 14 164
5104 = 5 11 125
5105 = 5 15 153
5106 = 5 1304
5110 = 5 10 14 16
5111 = 5 1333
5112 = 5 1336
5113 = 5 12 13 15
5114 = 5 1335
5115 = 5 11^3
5116 = 5 1334
5120 = 5 10 136
5121 = 5 15 152
5122 = 5 1366
5123 = 5 1362
5124 = 5 14 163
5125 = 5 12 114
5126 = 5 11 13 16
5130 = 5 10 11 12
5131 = 5 14 166
5132 = 5 13 102
5133 = 5 1322
5134 = 5 1325
5135 = 5 16 146
5136 = 5 15 155
5140 = 5 10 135
5141 = 5 11 123
5142 = 5 12 113
5143 = 5 1352
5144 = 5 15 16^2
5145 = 5 13^2 14
5146 = 5 1354
5150 = 5 10 131
5151 = 5 13 101
5152 = 5 11 14 15
5153 = 5 16 145
5154 = 5 12 116
5155 = 5 1311
5156 = 5 1314
5160 = 5 10 15^2
5161 = 5 1343
5162 = 5 16 141
5163 = 5 11 122
5164 = 5 13 104
5165 = 5 1341
5166 = 5 12 14^2
5200 = 5 10^2 16
5201 = 5 14^2 15
5202 = 5 1606
5203 = 5 11 152
5204 = 5 12 146
5205 = 5 13 135
5206 = 5 1604
5210 = 5 10 163
5211 = 5 13 131
5212 = 5 1636
5213 = 5 1632
5214 = 5 11 155
5215 = 5 14 122
5216 = 5 12 15 16
5220 = 5 10 166
5221 = 5 12 145
5222 = 5 14 125
5223 = 5 1662
5224 = 5 13 15^2
5225 = 5 11 16^2
5226 = 5 1664
5230 = 5 10 13^2
5231 = 5 1623
5232 = 5 15 114
5233 = 5 12 141
5234 = 5 16 102
5235 = 5 1621
5236 = 5 11^2 14
5240 = 5 10 11 15
5241 = 5 1653
5242 = 5 1656
5243 = 5 13 14 16
5244 = 5 1655
5245 = 5 12^3
5246 = 5 1654
5250 = 5 10 12 14
5251 = 5 11 153
5252 = 5 16 101
5253 = 5 1612
5254 = 5 1615
5255 = 5 15 113
5256 = 5 13 136
5260 = 5 10 164
5261 = 5 16 104
5262 = 5 11 12 13
5263 = 5 15 116
5264 = 5 14 123
5265 = 5 1641
5266 = 5 1644
5300 = 5 10^2 12
5301 = 5 1203
5302 = 5 11 116
5303 = 5 13 163
5304 = 5 15 141
5305 = 5 1201
5306 = 5 14 16^2
5310 = 5 10 123
5311 = 5 1233
5312 = 5 12^2 15
5313 = 5 11 14^2
5314 = 5 1235
5315 = 5 16 136
5316 = 5 13 166
5320 = 5 10 14 15
5321 = 5 1263
5322 = 5 13^3
5323 = 5 1262
5324 = 5 11 12 16
5325 = 5 1261
5326 = 5 1264
5330 = 5 10 122
5331 = 5 1223
5332 = 5 1226
5333 = 5 16 135
5334 = 5 14 153
5335 = 5 11 13 15
5336 = 5 12 102
5340 = 5 10 125
5341 = 5 12 13 14
5342 = 5 16 131
5343 = 5 15 146
5344 = 5 1255
5345 = 5 1251
5346 = 5 11 114
5350 = 5 10 11^2
5351 = 5 15^2 16
5352 = 5 1216
5353 = 5 12 101
5354 = 5 13 164
5355 = 5 14 152
5356 = 5 1214
5360 = 5 10 13 16
5361 = 5 11 113
5362 = 5 14 155
5363 = 5 1242
5364 = 5 1245
5365 = 5 12 104
5366 = 5 15 145
5400 = 5 10^2 15
5401 = 5 11^2 13
5402 = 5 1506
5403 = 5 12 131
5404 = 5 14 113
5405 = 5 16 166
5406 = 5 1504
5410 = 5 10 153
5411 = 5 14 116
5412 = 5 11 146
5413 = 5 1532
5414 = 5 13^2 16
5415 = 5 12 15^2
5416 = 5 1534
5420 = 5 10 12 13
5421 = 5 1563
5422 = 5 1566
5423 = 5 11 15 16
5424 = 5 1565
5425 = 5 14^3
5426 = 5 1564
5430 = 5 10 152
5431 = 5 15 102
5432 = 5 12 14 16
5433 = 5 13 123
5434 = 5 11 145
5435 = 5 1521
5436 = 5 1524
5440 = 5 10 155
5441 = 5 16 164
5442 = 5 1556
5443 = 5 1552
5444 = 5 12 136
5445 = 5 11 141
5446 = 5 13 14 15
5450 = 5 10 16^2
5451 = 5 1513
5452 = 5 13 122
5453 = 5 14 114
5454 = 5 15 101
5455 = 5 1511
5456 = 5 11 12^2
5460 = 5 10 11 14
5461 = 5 12 135
5462 = 5 15 104
5463 = 5 1542
5464 = 5 1545
5465 = 5 13 125
5466 = 5 16 163
5500 = 5 10^2 11
5501 = 5 1103
5502 = 5 14 145
5503 = 5 15 136
5504 = 5 16 122
5505 = 5 1101
5506 = 5 12 13^2
5510 = 5 10 113
5511 = 5 11 12 15
5512 = 5 13 152
5513 = 5 16 125
5514 = 5 1135
5515 = 5 1131
5516 = 5 14 141
5520 = 5 10 116
5521 = 5 1163
5522 = 5 11^2 16
5523 = 5 12^2 14
5524 = 5 1165
5525 = 5 13 155
5526 = 5 15 135
5530 = 5 10 14^2
5531 = 5 13 16^2
5532 = 5 1126
5533 = 5 11 102
5534 = 5 15 131
5535 = 5 12 164
5536 = 5 1124
5540 = 5 10 12 16
5541 = 5 1153
5542 = 5 15^3
5543 = 5 1152
5544 = 5 11 13 14
5545 = 5 1151
5546 = 5 1154
5550 = 5 10 13 15
5551 = 5 14 146
5552 = 5 12 163
5553 = 5 1112
5554 = 5 1115
5555 = 5 11 101
5556 = 5 16 123
5560 = 5 10 114
5561 = 5 1143
5562 = 5 1146
5563 = 5 13 153
5564 = 5 12 166
5565 = 5 14 15 16
5566 = 5 11 104
5600 = 5 10^2 14
5601 = 5 1403
5602 = 5 12 123
5603 = 5 16 155
5604 = 5 13 114
5605 = 5 1401
5606 = 5 11 15^2
5610 = 5 10 11 13
5611 = 5 1433
5612 = 5 16^3
5613 = 5 1432
5614 = 5 12 14 15
5615 = 5 1431
5616 = 5 1434
5620 = 5 10 146
5621 = 5 11 14 16
5622 = 5 15 164
5623 = 5 13 113
5624 = 5 1465
5625 = 5 1461
5626 = 5 12 122
5630 = 5 10 15 16
5631 = 5 12 125
5632 = 5 11 136
5633 = 5 1422
5634 = 5 1425
5635 = 5 14 102
5636 = 5 13 116
5640 = 5 10 145
5641 = 5 1453
5642 = 5 13 14^2
5643 = 5 11^2 12
5644 = 5 1455
5645 = 5 15 163
5646 = 5 16 153
5650 = 5 10 141
5651 = 5 1413
5652 = 5 1416
5653 = 5 15 166
5654 = 5 11 135
5655 = 5 12 13 16
5656 = 5 14 101
5660 = 5 10 12^2
5661 = 5 13^2 15
5662 = 5 1446
5663 = 5 14 104
5664 = 5 16 152
5665 = 5 11 131
5666 = 5 1444
6000 = 6 10^3
6001 = 6 13 15 16
6002 = 6 1005
6003 = 6 1004
6004 = 6 1003
6005 = 6 1002
6006 = 6 11 12 14
6010 = 6 10 11 16
6011 = 6 12 153
6012 = 6 1065
6013 = 6 14 131
6014 = 6 13 141
6015 = 6 1062
6016 = 6 15 123
6020 = 6 10 13 14
6021 = 6 11 166
6022 = 6 1055
6023 = 6 12 152
6024 = 6 15 122
6025 = 6 1052
6026 = 6 16 116
6030 = 6 10 104
6031 = 6 1046
6032 = 6 11^2 15
6033 = 6 13 146
6034 = 6 14 136
6035 = 6 12 16^2
6036 = 6 1041
6040 = 6 10 12 15
6041 = 6 14 135
6042 = 6 1035
6043 = 6 11 164
6044 = 6 16 114
6045 = 6 1032
6046 = 6 13 145
6050 = 6 10 102
6051 = 6 1026
6052 = 6 12^2 13
6053 = 6 16 113
6054 = 6 11 163
6055 = 6 14 15^2
6056 = 6 1021
6060 = 6 10 101
6061 = 6 1016
6062 = 6 14^2 16
6063 = 6 15 125
6064 = 6 12 155
6065 = 6 11 13^2
6066 = 6 1011
6100 = 6 10^2 16
6101 = 6 1606
6102 = 6 12 146
6103 = 6 1604
6104 = 6 14^2 15
6105 = 6 11 152
6106 = 6 13 135
6110 = 6 10 166
6111 = 6 14 125
6112 = 6 13 15^2
6113 = 6 1664
6114 = 6 12 145
6115 = 6 1662
6116 = 6 11 16^2
6120 = 6 10 11 15
6121 = 6 1656
6122 = 6 1655
6123 = 6 1654
6124 = 6 1653
6125 = 6 13 14 16
6126 = 6 12^3
6130 = 6 10 164
6131 = 6 11 12 13
6132 = 6 14 123
6133 = 6 1644
6134 = 6 16 104
6135 = 6 15 116
6136 = 6 1641
6140 = 6 10 163
6141 = 6 1636
6142 = 6 11 155
6143 = 6 12 15 16
6144 = 6 13 131
6145 = 6 1632
6146 = 6 14 122
6150 = 6 10 13^2
6151 = 6 15 114
6152 = 6 16 102
6153 = 6 11^2 14
6154 = 6 1623
6155 = 6 12 141
6156 = 6 1621
6160 = 6 10 12 14
6161 = 6 16 101
6162 = 6 1615
6163 = 6 13 136
6164 = 6 11 153
6165 = 6 1612
6166 = 6 15 113
6200 = 6 10^2 15
6201 = 6 1506
6202 = 6 14 113
6203 = 6 1504
6204 = 6 11^2 13
6205 = 6 12 131
6206 = 6 16 166
6210 = 6 10 12 13
6211 = 6 1566
6212 = 6 1565
6213 = 6 1564
6214 = 6 1563
6215 = 6 11 15 16
6216 = 6 14^3
6220 = 6 10 155
6221 = 6 1556
6222 = 6 12 136
6223 = 6 13 14 15
6224 = 6 16 164
6225 = 6 1552
6226 = 6 11 141
6230 = 6 10 11 14
6231 = 6 15 104
6232 = 6 1545
6233 = 6 16 163
6234 = 6 12 135
6235 = 6 1542
6236 = 6 13 125
6240 = 6 10 153
6241 = 6 11 146
6242 = 6 13^2 16
6243 = 6 1534
6244 = 6 14 116
6245 = 6 1532
6246 = 6 12 15^2
6250 = 6 10 152
6251 = 6 12 14 16
6252 = 6 11 145
6253 = 6 1524
6254 = 6 15 102
6255 = 6 13 123
6256 = 6 1521
6260 = 6 10 16^2
6261 = 6 13 122
6262 = 6 15 101
6263 = 6 11 12^2
6264 = 6 1513
6265 = 6 14 114
6266 = 6 1511
6300 = 6 10^2 14
6301 = 6 12 123
6302 = 6 13 114
6303 = 6 11 15^2
6304 = 6 1403
6305 = 6 16 155
6306 = 6 1401
6310 = 6 10 146
6311 = 6 15 164
6312 = 6 1465
6313 = 6 12 122
6314 = 6 11 14 16
6315 = 6 13 113
6316 = 6 1461
6320 = 6 10 145
6321 = 6 13 14^2
6322 = 6 1455
6323 = 6 16 153
6324 = 6 1453
6325 = 6 11^2 12
6326 = 6 15 163
6330 = 6 10 12^2
6331 = 6 1446
6332 = 6 16 152
6333 = 6 1444
6334 = 6 13^2 15
6335 = 6 14 104
6336 = 6 11 131
6340 = 6 10 11 13
6341 = 6 16^3
6342 = 6 12 14 15
6343 = 6 1434
6344 = 6 1433
6345 = 6 1432
6346 = 6 1431
6350 = 6 10 15 16
6351 = 6 11 136
6352 = 6 1425
6353 = 6 13 116
6354 = 6 12 125
6355 = 6 1422
6356 = 6 14 102
6360 = 6 10 141
6361 = 6 1416
6362 = 6 11 135
6363 = 6 14 101
6364 = 6 1413
6365 = 6 15 166
6366 = 6 12 13 16
6400 = 6 10^2 13
6401 = 6 1306
6402 = 6 11 125
6403 = 6 1304
6404 = 6 12^2 16
6405 = 6 14 164
6406 = 6 15 153
6410 = 6 10 136
6411 = 6 1366
6412 = 6 14 163
6413 = 6 11 13 16
6414 = 6 15 152
6415 = 6 1362
6416 = 6 12 114
6420 = 6 10 135
6421 = 6 12 113
6422 = 6 15 16^2
6423 = 6 1354
6424 = 6 11 123
6425 = 6 1352
6426 = 6 13^2 14
6430 = 6 10 15^2
6431 = 6 16 141
6432 = 6 13 104
6433 = 6 12 14^2
6434 = 6 1343
6435 = 6 11 122
6436 = 6 1341
6440 = 6 10 14 16
6441 = 6 1336
6442 = 6 1335
6443 = 6 1334
6444 = 6 1333
6445 = 6 12 13 15
6446 = 6 11^3
6450 = 6 10 11 12
6451 = 6 13 102
6452 = 6 1325
6453 = 6 15 155
6454 = 6 14 166
6455 = 6 1322
6456 = 6 16 146
6460 = 6 10 131
6461 = 6 11 14 15
6462 = 6 12 116
6463 = 6 1314
6464 = 6 13 101
6465 = 6 16 145
6466 = 6 1311
6500 = 6 10^2 12
6501 = 6 11 116
6502 = 6 15 141
6503 = 6 14 16^2
6504 = 6 1203
6505 = 6 13 163
6506 = 6 1201
6510 = 6 10 14 15
6511 = 6 13^3
6512 = 6 11 12 16
6513 = 6 1264
6514 = 6 1263
6515 = 6 1262
6516 = 6 1261
6520 = 6 10 125
6521 = 6 16 131
6522 = 6 1255
6523 = 6 11 114
6524 = 6 12 13 14
6525 = 6 15 146
6526 = 6 1251
6530 = 6 10 13 16
6531 = 6 14 155
6532 = 6 1245
6533 = 6 15 145
6534 = 6 11 113
6535 = 6 1242
6536 = 6 12 104
6540 = 6 10 123
6541 = 6 12^2 15
6542 = 6 1235
6543 = 6 13 166
6544 = 6 1233
6545 = 6 11 14^2
6546 = 6 16 136
6550 = 6 10 122
6551 = 6 1226
6552 = 6 14 153
6553 = 6 12 102
6554 = 6 1223
6555 = 6 16 135
6556 = 6 11 13 15
6560 = 6 10 11^2
6561 = 6 1216
6562 = 6 13 164
6563 = 6 1214
6564 = 6 15^2 16
6565 = 6 12 101
6566 = 6 14 152
6600 = 6 10^2 11
6601 = 6 14 145
6602 = 6 16 122
6603 = 6 12 13^2
6604 = 6 1103
6605 = 6 15 136
6606 = 6 1101
6610 = 6 10 116
6611 = 6 11^2 16
6612 = 6 1165
6613 = 6 15 135
6614 = 6 1163
6615 = 6 12^2 14
6616 = 6 13 155
6620 = 6 10 12 16
6621 = 6 15^3
6622 = 6 11 13 14
6623 = 6 1154
6624 = 6 1153
6625 = 6 1152
6626 = 6 1151
6630 = 6 10 114
6631 = 6 1146
6632 = 6 12 166
6633 = 6 11 104
6634 = 6 1143
6635 = 6 13 153
6636 = 6 14 15 16
6640 = 6 10 113
6641 = 6 13 152
6642 = 6 1135
6643 = 6 14 141
6644 = 6 11 12 15
6645 = 6 16 125
6646 = 6 1131
6650 = 6 10 14^2
6651 = 6 1126
6652 = 6 15 131
6653 = 6 1124
6654 = 6 13 16^2
6655 = 6 11 102
6656 = 6 12 164
6660 = 6 10 13 15
6661 = 6 12 163
6662 = 6 1115
6663 = 6 16 123
6664 = 6 14 146
6665 = 6 1112
6666 = 6 11 101
