000 000 000 000 000 000 000 000 000 000 000 000 000 000 000 000 000 000 000 000 000 000 000 000 000 000 000
000 001 002 010 011 012 020 021 022 100 101 102 110 111 112 120 121 122 200 201 202 210 211 212 220 221 222
000 002 001 020 022 021 010 012 011 200 202 201 220 222 221 210 212 211 100 102 101 120 122 121 110 112 111
000 010 020 100 110 120 200 210 220 012 022 002 112 122 102 212 222 202 021 001 011 121 101 111 221 201 211
000 011 022 110 121 102 220 201 212 112 120 101 222 200 211 002 010 021 221 202 210 001 012 020 111 122 100
000 012 021 120 102 111 210 222 201 212 221 200 002 011 020 122 101 110 121 100 112 211 220 202 001 010 022
000 020 010 200 220 210 100 120 110 021 011 001 221 211 201 121 111 101 012 002 022 212 202 222 112 102 122
000 021 012 210 201 222 120 111 102 121 112 100 001 022 010 211 202 220 212 200 221 122 110 101 002 020 011
000 022 011 220 212 201 110 102 121 221 210 202 111 100 122 001 020 012 112 101 120 002 021 010 222 211 200
000 100 200 012 112 212 021 121 221 120 220 020 102 202 002 111 211 011 210 010 110 222 022 122 201 001 101
000 101 202 022 120 221 011 112 210 220 021 122 212 010 111 201 002 100 110 211 012 102 200 001 121 222 020
000 102 201 002 101 200 001 100 202 020 122 221 022 121 220 021 120 222 010 112 211 012 111 210 011 110 212
000 110 220 112 222 002 221 001 111 102 212 022 211 021 101 020 100 210 201 011 121 010 120 200 122 202 012
000 111 222 122 200 011 211 022 100 202 010 121 021 102 210 110 221 002 101 212 020 220 001 112 012 120 201
000 112 221 102 211 020 201 010 122 002 111 220 101 210 022 200 012 121 001 110 222 100 212 021 202 011 120
000 120 210 212 002 122 121 211 001 111 201 021 020 110 200 202 022 112 222 012 102 101 221 011 010 100 220
000 121 212 222 010 101 111 202 020 211 002 120 100 221 012 022 110 201 122 210 001 011 102 220 200 021 112
000 122 211 202 021 110 101 220 012 011 100 222 210 002 121 112 201 020 022 111 200 221 010 102 120 212 001
000 200 100 021 221 121 012 212 112 210 110 010 201 101 001 222 122 022 120 020 220 111 011 211 102 002 202
000 201 102 001 202 100 002 200 101 010 211 112 011 212 110 012 210 111 020 221 122 021 222 120 022 220 121
000 202 101 011 210 112 022 221 120 110 012 211 121 020 222 102 001 200 220 122 021 201 100 002 212 111 010
000 210 120 121 001 211 212 122 002 222 102 012 010 220 100 101 011 221 111 021 201 202 112 022 020 200 110
000 211 122 101 012 220 202 110 021 022 200 111 120 001 212 221 102 010 011 222 100 112 020 201 210 121 002
000 212 121 111 020 202 222 101 010 122 001 210 200 112 021 011 220 102 211 120 002 022 201 110 100 012 221
000 220 110 221 111 001 112 002 222 201 121 011 122 012 202 010 200 120 102 022 212 020 210 100 211 101 021
000 221 112 201 122 010 102 020 211 001 222 110 202 120 011 100 021 212 002 220 111 200 121 012 101 022 210
000 222 111 211 100 022 122 011 200 101 020 212 012 201 120 220 112 001 202 121 010 110 002 221 021 210 102
