001 002 201 210 220 102 110 120 221 212 020 021 211 200 022 202 222 112 010 121 011 111 101 012 100 122
002 001 102 120 110 201 220 210 112 121 010 012 122 100 011 101 111 221 020 212 022 222 202 021 200 211
010 020 001 121 221 002 112 212 201 111 200 210 101 021 220 011 211 102 100 222 110 122 022 120 012 202
011 022 202 001 111 101 222 002 122 020 220 201 012 221 212 210 100 211 110 010 121 200 120 102 112 021
012 021 100 211 001 200 002 122 010 202 210 222 220 121 201 112 022 020 120 101 102 011 221 111 212 110
020 010 002 212 112 001 221 121 102 222 100 120 202 012 110 022 122 201 200 111 220 211 011 210 021 101
021 012 200 122 002 100 001 211 020 101 120 111 110 212 102 221 011 010 210 202 201 022 112 222 121 220
022 011 101 002 222 202 111 001 211 010 110 102 021 112 121 120 200 122 220 020 212 100 210 201 221 012
100 200 010 222 201 020 102 111 001 122 021 121 022 210 221 110 101 002 012 211 112 202 220 212 120 011
101 202 211 102 121 122 212 201 222 001 011 112 200 110 210 012 020 111 022 002 120 010 021 221 220 100
102 201 112 012 011 221 022 021 110 210 001 100 111 010 202 211 212 220 002 120 101 121 122 200 020 222
110 220 011 010 122 022 211 020 202 200 221 001 120 201 111 121 012 101 112 100 222 021 212 002 102 210
111 222 212 220 012 121 021 110 120 112 211 022 001 101 100 020 201 210 122 221 200 102 010 011 202 002
112 221 110 100 202 220 101 200 011 021 201 010 212 001 122 222 120 022 102 012 211 210 111 020 002 121
120 210 012 101 010 021 020 202 100 011 121 211 221 222 001 102 220 200 212 022 002 110 201 122 111 112
121 212 210 011 200 120 100 022 021 220 111 202 102 122 020 001 112 012 222 110 010 221 002 101 211 201
122 211 111 221 120 222 210 112 212 102 101 220 010 022 012 200 001 121 202 201 021 002 100 110 011 020
200 100 020 111 102 010 201 222 002 211 012 212 011 120 112 220 202 001 021 122 221 101 110 121 210 022
201 102 221 021 022 112 011 012 220 120 002 200 222 020 101 122 121 110 001 210 202 212 211 100 010 111
202 101 122 201 212 211 121 102 111 002 022 221 100 220 120 021 010 222 011 001 210 020 012 112 110 200
210 120 021 202 020 012 010 101 200 022 212 122 112 111 002 201 110 100 121 011 001 220 102 211 222 221
211 122 222 112 210 111 120 221 121 201 202 110 020 011 021 100 002 212 101 102 012 001 200 220 022 010
212 121 120 022 100 210 200 011 012 110 222 101 201 211 010 002 221 021 111 220 020 112 001 202 122 102
220 110 022 020 211 011 122 010 101 100 112 002 210 102 222 212 021 202 221 200 111 012 121 001 201 120
221 112 220 200 101 110 202 100 022 012 102 020 121 002 211 111 210 011 201 021 122 120 222 010 001 212
222 111 121 110 021 212 012 220 210 221 122 011 002 202 200 010 102 120 211 112 100 201 020 022 101 001
