1000000: 1 2 4 5 8 10 16 20 25 32 40 50 64 80 100 125 160 200 250 320 400 500 625 800 1000 1250 1600 2000 2500 3125 4000 5000 6250 8000 10000 12500 15625 20000 25000 31250 40000 50000 62500 100000 125000 200000 250000 500000 1000000
1000001: 1 101 9901 1000001
1000002: 1 2 3 6 166667 333334 500001 1000002
1000003: 1 1000003
1000004: 1 2 4 53 89 106 178 212 356 2809 4717 5618 9434 11236 18868 250001 500002 1000004
1000005: 1 3 5 15 163 409 489 815 1227 2045 2445 6135 66667 200001 333335 1000005
1000006: 1 2 7 14 71429 142858 500003 1000006
1000007: 1 29 34483 1000007
1000008: 1 2 3 4 6 8 9 12 17 18 19 24 34 36 38 43 51 57 68 72 76 86 102 114 129 136 152 153 171 172 204 228 258 306 323 342 344 387 408 456 516 612 646 684 731 774 817 969 1032 1224 1292 1368 1462 1548 1634 1938 2193 2451 2584 2907 2924 3096 3268 3876 4386 4902 5814 5848 6536 6579 7353 7752 8772 9804 11628 13158 13889 14706 17544 19608 23256 26316 27778 29412 41667 52632 55556 58824 83334 111112 125001 166668 250002 333336 500004 1000008
1000009: 1 293 3413 1000009
1000010: 1 2 5 10 11 22 55 110 9091 18182 45455 90910 100001 200002 500005 1000010
1000011: 1 3 333337 1000011
1000012: 1 2 4 13 26 52 19231 38462 76924 250003 500006 1000012
1000013: 1 7 373 383 2611 2681 142859 1000013
1000014: 1 2 3 6 166669 333338 500007 1000014
1000015: 1 5 200003 1000015
1000016: 1 2 4 8 16 62501 125002 250004 500008 1000016
1000017: 1 3 9 23 69 207 4831 14493 43479 111113 333339 1000017
1000018: 1 2 500009 1000018
1000019: 1 47 21277 1000019
1000020: 1 2 3 4 5 6 7 10 12 14 15 20 21 28 30 35 42 60 70 84 105 140 210 420 2381 4762 7143 9524 11905 14286 16667 23810 28572 33334 35715 47620 50001 66668 71430 83335 100002 142860 166670 200004 250005 333340 500010 1000020
1000021: 1 11 90911 1000021
1000022: 1 2 107 214 4673 9346 500011 1000022
1000023: 1 3 333341 1000023
1000024: 1 2 4 8 125003 250006 500012 1000024
1000025: 1 5 13 17 25 65 85 181 221 325 425 905 1105 2353 3077 4525 5525 11765 15385 40001 58825 76925 200005 1000025
1000026: 1 2 3 6 9 18 27 54 81 162 6173 12346 18519 37038 55557 111114 166671 333342 500013 1000026
1000027: 1 7 19 73 103 133 511 721 1387 1957 7519 9709 13699 52633 142861 1000027
1000028: 1 2 4 250007 500014 1000028
1000029: 1 3 31 93 10753 32259 333343 1000029
1000030: 1 2 5 10 100003 200006 500015 1000030
1000031: 1 41 24391 1000031
1000032: 1 2 3 4 6 8 11 12 16 22 24 32 33 44 48 66 88 96 132 176 264 352 528 947 1056 1894 2841 3788 5682 7576 10417 11364 15152 20834 22728 30304 31251 41668 45456 62502 83336 90912 125004 166672 250008 333344 500016 1000032
1000033: 1 1000033
1000034: 1 2 7 14 61 122 427 854 1171 2342 8197 16394 71431 142862 500017 1000034
1000035: 1 3 5 9 15 45 71 213 313 355 639 939 1065 1565 2817 3195 4695 14085 22223 66669 111115 200007 333345 1000035
1000036: 1 2 4 29 37 58 74 116 148 233 466 932 1073 2146 4292 6757 8621 13514 17242 27028 34484 250009 500018 1000036
1000037: 1 1000037
1000038: 1 2 3 6 13 26 39 78 12821 25642 38463 76926 166673 333346 500019 1000038
1000039: 1 1000039
1000040: 1 2 4 5 8 10 20 23 40 46 92 115 184 230 460 920 1087 2174 4348 5435 8696 10870 21740 25001 43480 50002 100004 125005 200008 250010 500020 1000040
1000041: 1 3 7 21 49 147 6803 20409 47621 142863 333347 1000041
1000042: 1 2 17 34 67 134 439 878 1139 2278 7463 14926 29413 58826 500021 1000042
1000043: 1 11 229 397 2519 4367 90913 1000043
1000044: 1 2 3 4 6 9 12 18 36 27779 55558 83337 111116 166674 250011 333348 500022 1000044
1000045: 1 5 200009 1000045
1000046: 1 2 19 38 26317 52634 500023 1000046
1000047: 1 3 333349 1000047
1000048: 1 2 4 7 8 14 16 28 56 112 8929 17858 35716 62503 71432 125006 142864 250012 500024 1000048
1000049: 1 353 2833 1000049
1000050: 1 2 3 5 6 10 15 25 30 50 59 75 113 118 150 177 226 295 339 354 565 590 678 885 1130 1475 1695 1770 2825 2950 3390 4425 5650 6667 8475 8850 13334 16950 20001 33335 40002 66670 100005 166675 200010 333350 500025 1000050
1000051: 1 13 43 559 1789 23257 76927 1000051
1000052: 1 2 4 250013 500026 1000052
1000053: 1 3 9 27 37039 111117 333351 1000053
1000054: 1 2 11 22 131 262 347 694 1441 2882 3817 7634 45457 90914 500027 1000054
1000055: 1 5 7 35 28573 142865 200011 1000055
1000056: 1 2 3 4 6 8 12 24 41669 83338 125007 166676 250014 333352 500028 1000056
1000057: 1 53 18869 1000057
1000058: 1 2 500029 1000058
1000059: 1 3 17 51 19609 58827 333353 1000059
1000060: 1 2 4 5 10 20 31 62 124 155 310 620 1613 3226 6452 8065 16130 32260 50003 100006 200012 250015 500030 1000060
1000061: 1 79 12659 1000061
1000062: 1 2 3 6 7 9 14 18 21 42 63 126 7937 15874 23811 47622 55559 71433 111118 142866 166677 333354 500031 1000062
1000063: 1 23 43481 1000063
1000064: 1 2 4 8 13 16 26 32 52 64 104 128 208 416 601 832 1202 1664 2404 4808 7813 9616 15626 19232 31252 38464 62504 76928 125008 250016 500032 1000064
1000065: 1 3 5 11 15 19 29 33 55 57 87 95 121 145 165 209 285 319 363 435 551 605 627 957 1045 1595 1653 1815 2299 2755 3135 3509 4785 6061 6897 8265 10527 11495 17545 18183 30305 34485 52635 66671 90915 200013 333355 1000065
1000066: 1 2 47 94 10639 21278 500033 1000066
1000067: 1 83 12049 1000067
1000068: 1 2 3 4 6 12 83339 166678 250017 333356 500034 1000068
1000069: 1 7 142867 1000069
1000070: 1 2 5 10 97 194 485 970 1031 2062 5155 10310 100007 200014 500035 1000070
1000071: 1 3 9 111119 333357 1000071
1000072: 1 2 4 8 41 82 164 328 3049 6098 12196 24392 125009 250018 500036 1000072
1000073: 1 37 151 179 5587 6623 27029 1000073
1000074: 1 2 3 6 166679 333358 500037 1000074
1000075: 1 5 25 109 367 545 1835 2725 9175 40003 200015 1000075
1000076: 1 2 4 7 11 14 17 22 28 34 44 68 77 119 154 187 191 238 308 374 382 476 748 764 1309 1337 2101 2618 2674 3247 4202 5236 5348 6494 8404 12988 14707 22729 29414 35717 45458 58828 71434 90916 142868 250019 500038 1000076
1000077: 1 3 13 39 25643 76929 333359 1000077
1000078: 1 2 673 743 1346 1486 500039 1000078
1000079: 1 281 3559 1000079
1000080: 1 2 3 4 5 6 8 9 10 12 15 16 18 20 24 27 30 36 40 45 48 54 60 72 80 90 108 120 135 144 180 216 240 270 360 432 463 540 720 926 1080 1389 1852 2160 2315 2778 3704 4167 4630 5556 6945 7408 8334 9260 11112 12501 13890 16668 18520 20835 22224 25002 27780 33336 37040 41670 50004 55560 62505 66672 83340 100008 111120 125010 166680 200016 250020 333360 500040 1000080
1000081: 1 1000081
1000082: 1 2 500041 1000082
1000083: 1 3 7 21 47623 142869 333361 1000083
1000084: 1 2 4 19 38 76 13159 26318 52636 250021 500042 1000084
1000085: 1 5 200017 1000085
1000086: 1 2 3 6 23 46 69 138 7247 14494 21741 43482 166681 333362 500043 1000086
1000087: 1 11 90917 1000087
1000088: 1 2 4 8 149 298 596 839 1192 1678 3356 6712 125011 250022 500044 1000088
1000089: 1 3 9 111121 333363 1000089
1000090: 1 2 5 7 10 13 14 26 35 49 65 70 91 98 130 157 182 245 314 455 490 637 785 910 1099 1274 1570 2041 2198 3185 4082 5495 6370 7693 10205 10990 14287 15386 20410 28574 38465 71435 76930 100009 142870 200018 500045 1000090
1000091: 1 31 32261 1000091
1000092: 1 2 3 4 6 12 83341 166682 250023 333364 500046 1000092
1000093: 1 17 89 661 1513 11237 58829 1000093
1000094: 1 2 29 43 58 86 401 802 1247 2494 11629 17243 23258 34486 500047 1000094
1000095: 1 3 5 15 61 183 305 915 1093 3279 5465 16395 66673 200019 333365 1000095
1000096: 1 2 4 8 16 32 31253 62506 125012 250024 500048 1000096
1000097: 1 7 142871 1000097
1000098: 1 2 3 6 9 11 18 22 33 66 99 198 5051 10102 15153 30306 45459 55561 90918 111122 166683 333366 500049 1000098
1000099: 1 1000099
